Resize Kernel: Bicubic b 0.33 c 0.33
Native resolution(s) (best guess): 810p
Please check the graph manually for more accurate results

Raw data:
Resolution	 | Relative Error	 | Relative difference from last
 500		 | 0.0003906277		 | 0.00
 501		 | 0.0004577986		 | 0.85
 502		 | 0.0004324234		 | 1.06
 503		 | 0.0004030257		 | 1.07
 504		 | 0.0004375658		 | 0.92
 505		 | 0.0003941210		 | 1.11
 506		 | 0.0004361600		 | 0.90
 507		 | 0.0004377044		 | 1.00
 508		 | 0.0003937411		 | 1.11
 509		 | 0.0004110475		 | 0.96
 510		 | 0.0003961572		 | 1.04
 511		 | 0.0003613193		 | 1.10
 512		 | 0.0004284295		 | 0.84
 513		 | 0.0003408162		 | 1.26
 514		 | 0.0004207182		 | 0.81
 515		 | 0.0003820750		 | 1.10
 516		 | 0.0003669392		 | 1.04
 517		 | 0.0003516849		 | 1.04
 518		 | 0.0003864805		 | 0.91
 519		 | 0.0003312999		 | 1.17
 520		 | 0.0003752993		 | 0.88
 521		 | 0.0003577478		 | 1.05
 522		 | 0.0003484208		 | 1.03
 523		 | 0.0003383311		 | 1.03
 524		 | 0.0003298233		 | 1.03
 525		 | 0.0003296211		 | 1.00
 526		 | 0.0003591285		 | 0.92
 527		 | 0.0003060648		 | 1.17
 528		 | 0.0003657993		 | 0.84
 529		 | 0.0003167494		 | 1.15
 530		 | 0.0002984145		 | 1.06
 531		 | 0.0003490733		 | 0.85
 532		 | 0.0002793122		 | 1.25
 533		 | 0.0003388927		 | 0.82
 534		 | 0.0003323779		 | 1.02
 535		 | 0.0003123734		 | 1.06
 536		 | 0.0002943353		 | 1.06
 537		 | 0.0003121838		 | 0.94
 538		 | 0.0002828143		 | 1.10
 539		 | 0.0003139861		 | 0.90
 540		 | 0.0002872381		 | 1.09
 541		 | 0.0003060103		 | 0.94
 542		 | 0.0002843704		 | 1.08
 543		 | 0.0002802108		 | 1.01
 544		 | 0.0002746506		 | 1.02
 545		 | 0.0002952867		 | 0.93
 546		 | 0.0002375930		 | 1.24
 547		 | 0.0003021300		 | 0.79
 548		 | 0.0002680611		 | 1.13
 549		 | 0.0002682405		 | 1.00
 550		 | 0.0002770225		 | 0.97
 551		 | 0.0002361495		 | 1.17
 552		 | 0.0002373305		 | 1.00
 553		 | 0.0002778900		 | 0.85
 554		 | 0.0002496045		 | 1.11
 555		 | 0.0002637526		 | 0.95
 556		 | 0.0002404826		 | 1.10
 557		 | 0.0002446049		 | 0.98
 558		 | 0.0002530074		 | 0.97
 559		 | 0.0002171666		 | 1.17
 560		 | 0.0002677109		 | 0.81
 561		 | 0.0002654650		 | 1.01
 562		 | 0.0002258897		 | 1.18
 563		 | 0.0002313349		 | 0.98
 564		 | 0.0002401957		 | 0.96
 565		 | 0.0002074259		 | 1.16
 566		 | 0.0002469862		 | 0.84
 567		 | 0.0002169353		 | 1.14
 568		 | 0.0002222222		 | 0.98
 569		 | 0.0002183928		 | 1.02
 570		 | 0.0002198630		 | 0.99
 571		 | 0.0002070720		 | 1.06
 572		 | 0.0002244150		 | 0.92
 573		 | 0.0001940697		 | 1.16
 574		 | 0.0002261506		 | 0.86
 575		 | 0.0001998268		 | 1.13
 576		 | 0.0002077908		 | 0.96
 577		 | 0.0002092669		 | 0.99
 578		 | 0.0001839094		 | 1.14
 579		 | 0.0001760016		 | 1.04
 580		 | 0.0002177052		 | 0.81
 581		 | 0.0001873359		 | 1.16
 582		 | 0.0001981177		 | 0.95
 583		 | 0.0001943362		 | 1.02
 584		 | 0.0001770376		 | 1.10
 585		 | 0.0001968475		 | 0.90
 586		 | 0.0001744294		 | 1.13
 587		 | 0.0001965129		 | 0.89
 588		 | 0.0001940358		 | 1.01
 589		 | 0.0001717480		 | 1.13
 590		 | 0.0001784988		 | 0.96
 591		 | 0.0001818779		 | 0.98
 592		 | 0.0001590838		 | 1.14
 593		 | 0.0001919195		 | 0.83
 594		 | 0.0001648480		 | 1.16
 595		 | 0.0001742237		 | 0.95
 596		 | 0.0001674409		 | 1.04
 597		 | 0.0001679255		 | 1.00
 598		 | 0.0001532511		 | 1.10
 599		 | 0.0001758772		 | 0.87
 600		 | 0.0001542259		 | 1.14
 601		 | 0.0001678622		 | 0.92
 602		 | 0.0001536994		 | 1.09
 603		 | 0.0001546269		 | 0.99
 604		 | 0.0001639041		 | 0.94
 605		 | 0.0001437841		 | 1.14
 606		 | 0.0001430029		 | 1.01
 607		 | 0.0001654413		 | 0.86
 608		 | 0.0001423043		 | 1.16
 609		 | 0.0001538933		 | 0.92
 610		 | 0.0001485806		 | 1.04
 611		 | 0.0001394686		 | 1.07
 612		 | 0.0001530666		 | 0.91
 613		 | 0.0001335714		 | 1.15
 614		 | 0.0001504366		 | 0.89
 615		 | 0.0001484764		 | 1.01
 616		 | 0.0001389995		 | 1.07
 617		 | 0.0001346509		 | 1.03
 618		 | 0.0001411076		 | 0.95
 619		 | 0.0001279588		 | 1.10
 620		 | 0.0001418038		 | 0.90
 621		 | 0.0001291833		 | 1.10
 622		 | 0.0001381279		 | 0.94
 623		 | 0.0001274983		 | 1.08
 624		 | 0.0001285948		 | 0.99
 625		 | 0.0001177348		 | 1.09
 626		 | 0.0001358413		 | 0.87
 627		 | 0.0001179492		 | 1.15
 628		 | 0.0001317396		 | 0.90
 629		 | 0.0001255864		 | 1.05
 630		 | 0.0001139271		 | 1.10
 631		 | 0.0001270407		 | 0.90
 632		 | 0.0001126900		 | 1.13
 633		 | 0.0001104178		 | 1.02
 634		 | 0.0001288807		 | 0.86
 635		 | 0.0001147784		 | 1.12
 636		 | 0.0001142603		 | 1.00
 637		 | 0.0001171623		 | 0.98
 638		 | 0.0001084211		 | 1.08
 639		 | 0.0001221636		 | 0.89
 640		 | 0.0001052748		 | 1.16
 641		 | 0.0001152676		 | 0.91
 642		 | 0.0001166648		 | 0.99
 643		 | 0.0001091470		 | 1.07
 644		 | 0.0001056995		 | 1.03
 645		 | 0.0001102800		 | 0.96
 646		 | 0.0001022924		 | 1.08
 647		 | 0.0001098086		 | 0.93
 648		 | 0.0001035188		 | 1.06
 649		 | 0.0001051512		 | 0.98
 650		 | 0.0001042482		 | 1.01
 651		 | 0.0001014793		 | 1.03
 652		 | 0.0000981392		 | 1.03
 653		 | 0.0001037316		 | 0.95
 654		 | 0.0000954866		 | 1.09
 655		 | 0.0001046326		 | 0.91
 656		 | 0.0000977689		 | 1.07
 657		 | 0.0000932326		 | 1.05
 658		 | 0.0000973356		 | 0.96
 659		 | 0.0000911003		 | 1.07
 660		 | 0.0000899559		 | 1.01
 661		 | 0.0001008085		 | 0.89
 662		 | 0.0000943959		 | 1.07
 663		 | 0.0000876301		 | 1.08
 664		 | 0.0000938139		 | 0.93
 665		 | 0.0000844398		 | 1.11
 666		 | 0.0000945812		 | 0.89
 667		 | 0.0000901094		 | 1.05
 668		 | 0.0000881214		 | 1.02
 669		 | 0.0000905187		 | 0.97
 670		 | 0.0000870193		 | 1.04
 671		 | 0.0000838835		 | 1.04
 672		 | 0.0000893436		 | 0.94
 673		 | 0.0000814652		 | 1.10
 674		 | 0.0000905670		 | 0.90
 675		 | 0.0000794520		 | 1.14
 676		 | 0.0000820643		 | 0.97
 677		 | 0.0000870896		 | 0.94
 678		 | 0.0000818920		 | 1.06
 679		 | 0.0000820494		 | 1.00
 680		 | 0.0000805051		 | 1.02
 681		 | 0.0000762425		 | 1.06
 682		 | 0.0000841438		 | 0.91
 683		 | 0.0000780978		 | 1.08
 684		 | 0.0000791125		 | 0.99
 685		 | 0.0000760926		 | 1.04
 686		 | 0.0000722613		 | 1.05
 687		 | 0.0000762483		 | 0.95
 688		 | 0.0000772911		 | 0.99
 689		 | 0.0000785591		 | 0.98
 690		 | 0.0000761856		 | 1.03
 691		 | 0.0000709615		 | 1.07
 692		 | 0.0000706394		 | 1.00
 693		 | 0.0000758405		 | 0.93
 694		 | 0.0000709016		 | 1.07
 695		 | 0.0000727737		 | 0.97
 696		 | 0.0000732564		 | 0.99
 697		 | 0.0000702957		 | 1.04
 698		 | 0.0000692174		 | 1.02
 699		 | 0.0000696786		 | 0.99
 700		 | 0.0000694520		 | 1.00
 701		 | 0.0000691317		 | 1.00
 702		 | 0.0000699355		 | 0.99
 703		 | 0.0000660308		 | 1.06
 704		 | 0.0000656068		 | 1.01
 705		 | 0.0000662737		 | 0.99
 706		 | 0.0000650690		 | 1.02
 707		 | 0.0000666111		 | 0.98
 708		 | 0.0000655362		 | 1.02
 709		 | 0.0000651762		 | 1.01
 710		 | 0.0000639933		 | 1.02
 711		 | 0.0000620777		 | 1.03
 712		 | 0.0000654031		 | 0.95
 713		 | 0.0000608413		 | 1.07
 714		 | 0.0000634101		 | 0.96
 715		 | 0.0000609138		 | 1.04
 716		 | 0.0000627397		 | 0.97
 717		 | 0.0000639892		 | 0.98
 718		 | 0.0000568837		 | 1.12
 719		 | 0.0000627951		 | 0.91
 720		 | 0.0000581657		 | 1.08
 721		 | 0.0000575051		 | 1.01
 722		 | 0.0000629698		 | 0.91
 723		 | 0.0000592534		 | 1.06
 724		 | 0.0000591663		 | 1.00
 725		 | 0.0000536234		 | 1.10
 726		 | 0.0000567353		 | 0.95
 727		 | 0.0000598315		 | 0.95
 728		 | 0.0000566260		 | 1.06
 729		 | 0.0000605757		 | 0.93
 730		 | 0.0000541310		 | 1.12
 731		 | 0.0000528451		 | 1.02
 732		 | 0.0000553607		 | 0.95
 733		 | 0.0000538122		 | 1.03
 734		 | 0.0000550843		 | 0.98
 735		 | 0.0000534174		 | 1.03
 736		 | 0.0000550909		 | 0.97
 737		 | 0.0000517854		 | 1.06
 738		 | 0.0000513129		 | 1.01
 739		 | 0.0000526518		 | 0.97
 740		 | 0.0000540801		 | 0.97
 741		 | 0.0000494800		 | 1.09
 742		 | 0.0000534744		 | 0.93
 743		 | 0.0000491163		 | 1.09
 744		 | 0.0000518173		 | 0.95
 745		 | 0.0000477206		 | 1.09
 746		 | 0.0000532383		 | 0.90
 747		 | 0.0000478532		 | 1.11
 748		 | 0.0000479110		 | 1.00
 749		 | 0.0000514119		 | 0.93
 750		 | 0.0000475246		 | 1.08
 751		 | 0.0000499042		 | 0.95
 752		 | 0.0000495798		 | 1.01
 753		 | 0.0000459770		 | 1.08
 754		 | 0.0000457498		 | 1.00
 755		 | 0.0000465233		 | 0.98
 756		 | 0.0000486333		 | 0.96
 757		 | 0.0000463408		 | 1.05
 758		 | 0.0000441009		 | 1.05
 759		 | 0.0000509129		 | 0.87
 760		 | 0.0000384210		 | 1.33
 761		 | 0.0000469025		 | 0.82
 762		 | 0.0000471431		 | 0.99
 763		 | 0.0000410581		 | 1.15
 764		 | 0.0000494090		 | 0.83
 765		 | 0.0000372796		 | 1.33
 766		 | 0.0000441702		 | 0.84
 767		 | 0.0000444833		 | 0.99
 768		 | 0.0000403697		 | 1.10
 769		 | 0.0000490346		 | 0.82
 770		 | 0.0000378187		 | 1.30
 771		 | 0.0000428500		 | 0.88
 772		 | 0.0000403628		 | 1.06
 773		 | 0.0000424940		 | 0.95
 774		 | 0.0000441543		 | 0.96
 775		 | 0.0000367481		 | 1.20
 776		 | 0.0000422559		 | 0.87
 777		 | 0.0000396475		 | 1.07
 778		 | 0.0000365640		 | 1.08
 779		 | 0.0000470695		 | 0.78
 780		 | 0.0000359294		 | 1.31
 781		 | 0.0000396162		 | 0.91
 782		 | 0.0000379047		 | 1.05
 783		 | 0.0000367358		 | 1.03
 784		 | 0.0000386778		 | 0.95
 785		 | 0.0000418690		 | 0.92
 786		 | 0.0000373073		 | 1.12
 787		 | 0.0000367868		 | 1.01
 788		 | 0.0000382788		 | 0.96
 789		 | 0.0000376069		 | 1.02
 790		 | 0.0000344157		 | 1.09
 791		 | 0.0000391892		 | 0.88
 792		 | 0.0000360142		 | 1.09
 793		 | 0.0000320535		 | 1.12
 794		 | 0.0000391238		 | 0.82
 795		 | 0.0000327733		 | 1.19
 796		 | 0.0000394967		 | 0.83
 797		 | 0.0000320059		 | 1.23
 798		 | 0.0000384034		 | 0.83
 799		 | 0.0000322605		 | 1.19
 800		 | 0.0000325277		 | 0.99
 801		 | 0.0000325423		 | 1.00
 802		 | 0.0000418199		 | 0.78
 803		 | 0.0000261739		 | 1.60
 804		 | 0.0000375254		 | 0.70
 805		 | 0.0000315306		 | 1.19
 806		 | 0.0000337026		 | 0.94
 807		 | 0.0000328431		 | 1.03
 808		 | 0.0000283420		 | 1.16
 809		 | 0.0000546877		 | 0.52
 810		 | 0.0000002485		 | 220.11
 811		 | 0.0000518565		 | 0.00
 812		 | 0.0000275620		 | 1.88
 813		 | 0.0000309375		 | 0.89
 814		 | 0.0000336570		 | 0.92
 815		 | 0.0000274756		 | 1.22
 816		 | 0.0000344071		 | 0.80
 817		 | 0.0000235234		 | 1.46
 818		 | 0.0000370382		 | 0.64
 819		 | 0.0000302578		 | 1.22
 820		 | 0.0000292618		 | 1.03
 821		 | 0.0000263202		 | 1.11
 822		 | 0.0000327646		 | 0.80
 823		 | 0.0000262073		 | 1.25
 824		 | 0.0000327442		 | 0.80
 825		 | 0.0000268503		 | 1.22
 826		 | 0.0000310174		 | 0.87
 827		 | 0.0000259328		 | 1.20
 828		 | 0.0000259863		 | 1.00
 829		 | 0.0000301864		 | 0.86
 830		 | 0.0000265124		 | 1.14
 831		 | 0.0000280308		 | 0.95
 832		 | 0.0000277618		 | 1.01
 833		 | 0.0000255873		 | 1.08
 834		 | 0.0000271658		 | 0.94
 835		 | 0.0000281953		 | 0.96
 836		 | 0.0000268172		 | 1.05
 837		 | 0.0000261257		 | 1.03
 838		 | 0.0000244359		 | 1.07
 839		 | 0.0000259848		 | 0.94
 840		 | 0.0000223314		 | 1.16
 841		 | 0.0000310229		 | 0.72
 842		 | 0.0000236443		 | 1.31
 843		 | 0.0000241023		 | 0.98
 844		 | 0.0000267025		 | 0.90
 845		 | 0.0000212445		 | 1.26
 846		 | 0.0000272131		 | 0.78
 847		 | 0.0000244610		 | 1.11
 848		 | 0.0000230108		 | 1.06
 849		 | 0.0000261385		 | 0.88
 850		 | 0.0000188796		 | 1.38
 851		 | 0.0000256250		 | 0.74
 852		 | 0.0000238278		 | 1.08
 853		 | 0.0000226108		 | 1.05
 854		 | 0.0000240907		 | 0.94
 855		 | 0.0000201442		 | 1.20
 856		 | 0.0000248876		 | 0.81
 857		 | 0.0000208382		 | 1.19
 858		 | 0.0000239339		 | 0.87
 859		 | 0.0000243637		 | 0.98
 860		 | 0.0000168264		 | 1.45
 861		 | 0.0000239270		 | 0.70
 862		 | 0.0000194076		 | 1.23
 863		 | 0.0000224952		 | 0.86
 864		 | 0.0000233691		 | 0.96
 865		 | 0.0000203901		 | 1.15
 866		 | 0.0000191416		 | 1.07
 867		 | 0.0000191545		 | 1.00
 868		 | 0.0000209684		 | 0.91
 869		 | 0.0000218214		 | 0.96
 870		 | 0.0000206124		 | 1.06
 871		 | 0.0000194205		 | 1.06
 872		 | 0.0000181437		 | 1.07
 873		 | 0.0000176978		 | 1.03
 874		 | 0.0000217956		 | 0.81
 875		 | 0.0000190588		 | 1.14
 876		 | 0.0000195345		 | 0.98
 877		 | 0.0000181685		 | 1.08
 878		 | 0.0000171721		 | 1.06
 879		 | 0.0000181956		 | 0.94
 880		 | 0.0000198218		 | 0.92
 881		 | 0.0000188243		 | 1.05
 882		 | 0.0000166962		 | 1.13
 883		 | 0.0000168776		 | 0.99
 884		 | 0.0000188571		 | 0.90
 885		 | 0.0000164641		 | 1.15
 886		 | 0.0000181815		 | 0.91
 887		 | 0.0000172625		 | 1.05
 888		 | 0.0000159838		 | 1.08
 889		 | 0.0000160290		 | 1.00
 890		 | 0.0000148530		 | 1.08
 891		 | 0.0000173674		 | 0.86
 892		 | 0.0000166267		 | 1.04
 893		 | 0.0000158899		 | 1.05
 894		 | 0.0000157801		 | 1.01
 895		 | 0.0000134521		 | 1.17
 896		 | 0.0000161137		 | 0.83
 897		 | 0.0000157965		 | 1.02
 898		 | 0.0000163868		 | 0.96
 899		 | 0.0000164223		 | 1.00
 900		 | 0.0000119793		 | 1.37
 901		 | 0.0000154731		 | 0.77
 902		 | 0.0000138073		 | 1.12
 903		 | 0.0000153261		 | 0.90
 904		 | 0.0000155014		 | 0.99
 905		 | 0.0000135561		 | 1.14
 906		 | 0.0000127112		 | 1.07
 907		 | 0.0000135352		 | 0.94
 908		 | 0.0000143467		 | 0.94
 909		 | 0.0000149212		 | 0.96
 910		 | 0.0000122424		 | 1.22
 911		 | 0.0000125264		 | 0.98
 912		 | 0.0000133890		 | 0.94
 913		 | 0.0000115193		 | 1.16
 914		 | 0.0000156912		 | 0.73
 915		 | 0.0000124874		 | 1.26
 916		 | 0.0000126711		 | 0.99
 917		 | 0.0000121974		 | 1.04
 918		 | 0.0000109730		 | 1.11
 919		 | 0.0000132815		 | 0.83
 920		 | 0.0000146602		 | 0.91
 921		 | 0.0000117924		 | 1.24
 922		 | 0.0000107761		 | 1.09
 923		 | 0.0000102149		 | 1.05
 924		 | 0.0000124909		 | 0.82
 925		 | 0.0000126769		 | 0.99
 926		 | 0.0000124312		 | 1.02
 927		 | 0.0000100298		 | 1.24
 928		 | 0.0000097136		 | 1.03
 929		 | 0.0000115512		 | 0.84
 930		 | 0.0000115434		 | 1.00
 931		 | 0.0000126131		 | 0.92
 932		 | 0.0000099271		 | 1.27
 933		 | 0.0000101717		 | 0.98
 934		 | 0.0000108971		 | 0.93
 935		 | 0.0000083077		 | 1.31
 936		 | 0.0000110223		 | 0.75
 937		 | 0.0000095505		 | 1.15
 938		 | 0.0000087104		 | 1.10
 939		 | 0.0000086152		 | 1.01
 940		 | 0.0000088571		 | 0.97
 941		 | 0.0000085931		 | 1.03
 942		 | 0.0000086577		 | 0.99
 943		 | 0.0000101168		 | 0.86
 944		 | 0.0000106412		 | 0.95
 945		 | 0.0000131653		 | 0.81
 946		 | 0.0000101373		 | 1.30
 947		 | 0.0000094432		 | 1.07
 948		 | 0.0000075615		 | 1.25
 949		 | 0.0000091157		 | 0.83
 950		 | 0.0000071844		 | 1.27
 951		 | 0.0000074016		 | 0.97
 952		 | 0.0000068821		 | 1.08
 953		 | 0.0000077541		 | 0.89
 954		 | 0.0000099407		 | 0.78
 955		 | 0.0000066707		 | 1.49
 956		 | 0.0000078803		 | 0.85
 957		 | 0.0000074371		 | 1.06
 958		 | 0.0000068755		 | 1.08
 959		 | 0.0000094493		 | 0.73
 960		 | 0.0000081672		 | 1.16
 961		 | 0.0000077725		 | 1.05
 962		 | 0.0000062692		 | 1.24
 963		 | 0.0000056403		 | 1.11
 964		 | 0.0000082413		 | 0.68
 965		 | 0.0000076972		 | 1.07
 966		 | 0.0000068455		 | 1.12
 967		 | 0.0000054174		 | 1.26
 968		 | 0.0000058119		 | 0.93
 969		 | 0.0000062339		 | 0.93
 970		 | 0.0000079515		 | 0.78
 971		 | 0.0000070580		 | 1.13
 972		 | 0.0000058174		 | 1.21
 973		 | 0.0000057049		 | 1.02
 974		 | 0.0000058646		 | 0.97
 975		 | 0.0000054173		 | 1.08
 976		 | 0.0000069888		 | 0.78
 977		 | 0.0000045090		 | 1.55
 978		 | 0.0000057184		 | 0.79
 979		 | 0.0000052071		 | 1.10
 980		 | 0.0000038096		 | 1.37
 981		 | 0.0000061100		 | 0.62
 982		 | 0.0000058964		 | 1.04
 983		 | 0.0000043899		 | 1.34
 984		 | 0.0000047889		 | 0.92
 985		 | 0.0000038097		 | 1.26
 986		 | 0.0000052832		 | 0.72
 987		 | 0.0000053676		 | 0.98
 988		 | 0.0000045706		 | 1.17
 989		 | 0.0000045416		 | 1.01
 990		 | 0.0000015078		 | 3.01
 991		 | 0.0000042244		 | 0.36
 992		 | 0.0000044315		 | 0.95
 993		 | 0.0000057735		 | 0.77
 994		 | 0.0000046007		 | 1.25
 995		 | 0.0000027278		 | 1.69
 996		 | 0.0000034591		 | 0.79
 997		 | 0.0000039198		 | 0.88
 998		 | 0.0000032298		 | 1.21
 999		 | 0.0000052665		 | 0.61
1000		 | 0.0000023050		 | 2.28