Resize Kernel: Bicubic b 0.33 c 0.33
Native resolution(s) (best guess): 983p, 960p
Please check the graph manually for more accurate results

Raw data:
Resolution	 | Relative Error	 | Relative difference from last
 500		 | 0.0035060102		 | 0.00
 501		 | 0.0034983008		 | 1.00
 502		 | 0.0034946617		 | 1.00
 503		 | 0.0034688485		 | 1.01
 504		 | 0.0034619453		 | 1.00
 505		 | 0.0034243376		 | 1.01
 506		 | 0.0034446636		 | 0.99
 507		 | 0.0034217986		 | 1.01
 508		 | 0.0034261483		 | 1.00
 509		 | 0.0033664670		 | 1.02
 510		 | 0.0034052274		 | 0.99
 511		 | 0.0033797073		 | 1.01
 512		 | 0.0033418258		 | 1.01
 513		 | 0.0033515545		 | 1.00
 514		 | 0.0032907102		 | 1.02
 515		 | 0.0033067314		 | 1.00
 516		 | 0.0033128703		 | 1.00
 517		 | 0.0032870113		 | 1.01
 518		 | 0.0032960187		 | 1.00
 519		 | 0.0032718457		 | 1.01
 520		 | 0.0032158856		 | 1.02
 521		 | 0.0032443205		 | 0.99
 522		 | 0.0032263625		 | 1.01
 523		 | 0.0032052377		 | 1.01
 524		 | 0.0031908746		 | 1.00
 525		 | 0.0031687686		 | 1.01
 526		 | 0.0031820119		 | 1.00
 527		 | 0.0031743106		 | 1.00
 528		 | 0.0031497067		 | 1.01
 529		 | 0.0031200188		 | 1.01
 530		 | 0.0031197763		 | 1.00
 531		 | 0.0031156101		 | 1.00
 532		 | 0.0030758651		 | 1.01
 533		 | 0.0030940508		 | 0.99
 534		 | 0.0030686657		 | 1.01
 535		 | 0.0030893078		 | 0.99
 536		 | 0.0030562131		 | 1.01
 537		 | 0.0030468755		 | 1.00
 538		 | 0.0030069384		 | 1.01
 539		 | 0.0030087564		 | 1.00
 540		 | 0.0030239461		 | 0.99
 541		 | 0.0030003229		 | 1.01
 542		 | 0.0029909382		 | 1.00
 543		 | 0.0029638394		 | 1.01
 544		 | 0.0029561996		 | 1.00
 545		 | 0.0029546595		 | 1.00
 546		 | 0.0029194255		 | 1.01
 547		 | 0.0029179660		 | 1.00
 548		 | 0.0029240174		 | 1.00
 549		 | 0.0028844134		 | 1.01
 550		 | 0.0028808331		 | 1.00
 551		 | 0.0028498150		 | 1.01
 552		 | 0.0028607633		 | 1.00
 553		 | 0.0028505912		 | 1.00
 554		 | 0.0028153312		 | 1.01
 555		 | 0.0028311989		 | 0.99
 556		 | 0.0028268563		 | 1.00
 557		 | 0.0028006100		 | 1.01
 558		 | 0.0027827646		 | 1.01
 559		 | 0.0027790388		 | 1.00
 560		 | 0.0027582331		 | 1.01
 561		 | 0.0027715423		 | 1.00
 562		 | 0.0027547558		 | 1.01
 563		 | 0.0027245597		 | 1.01
 564		 | 0.0027133636		 | 1.00
 565		 | 0.0027061657		 | 1.00
 566		 | 0.0027133638		 | 1.00
 567		 | 0.0026749713		 | 1.01
 568		 | 0.0026919303		 | 0.99
 569		 | 0.0026516172		 | 1.02
 570		 | 0.0026742049		 | 0.99
 571		 | 0.0026300714		 | 1.02
 572		 | 0.0026544054		 | 0.99
 573		 | 0.0026500781		 | 1.00
 574		 | 0.0026173654		 | 1.01
 575		 | 0.0026049823		 | 1.00
 576		 | 0.0025976452		 | 1.00
 577		 | 0.0025889538		 | 1.00
 578		 | 0.0025637487		 | 1.01
 579		 | 0.0025739385		 | 1.00
 580		 | 0.0025436298		 | 1.01
 581		 | 0.0025532225		 | 1.00
 582		 | 0.0025438630		 | 1.00
 583		 | 0.0025119999		 | 1.01
 584		 | 0.0024880370		 | 1.01
 585		 | 0.0025004907		 | 1.00
 586		 | 0.0024854056		 | 1.01
 587		 | 0.0024773628		 | 1.00
 588		 | 0.0024679086		 | 1.00
 589		 | 0.0024392534		 | 1.01
 590		 | 0.0024637251		 | 0.99
 591		 | 0.0024333529		 | 1.01
 592		 | 0.0024148391		 | 1.01
 593		 | 0.0024505421		 | 0.99
 594		 | 0.0023878042		 | 1.03
 595		 | 0.0023933520		 | 1.00
 596		 | 0.0023997180		 | 1.00
 597		 | 0.0023748172		 | 1.01
 598		 | 0.0023825036		 | 1.00
 599		 | 0.0023551162		 | 1.01
 600		 | 0.0023645341		 | 1.00
 601		 | 0.0023483637		 | 1.01
 602		 | 0.0023081128		 | 1.02
 603		 | 0.0023279086		 | 0.99
 604		 | 0.0023070537		 | 1.01
 605		 | 0.0023069465		 | 1.00
 606		 | 0.0023047196		 | 1.00
 607		 | 0.0023035731		 | 1.00
 608		 | 0.0022474556		 | 1.02
 609		 | 0.0022633173		 | 0.99
 610		 | 0.0022613316		 | 1.00
 611		 | 0.0022538970		 | 1.00
 612		 | 0.0022145844		 | 1.02
 613		 | 0.0022099294		 | 1.00
 614		 | 0.0022107559		 | 1.00
 615		 | 0.0022172802		 | 1.00
 616		 | 0.0021844470		 | 1.02
 617		 | 0.0021848346		 | 1.00
 618		 | 0.0021728904		 | 1.01
 619		 | 0.0021822818		 | 1.00
 620		 | 0.0021598611		 | 1.01
 621		 | 0.0021518654		 | 1.00
 622		 | 0.0021342674		 | 1.01
 623		 | 0.0021325785		 | 1.00
 624		 | 0.0021470771		 | 0.99
 625		 | 0.0021263013		 | 1.01
 626		 | 0.0021055916		 | 1.01
 627		 | 0.0021111120		 | 1.00
 628		 | 0.0020716985		 | 1.02
 629		 | 0.0021000458		 | 0.99
 630		 | 0.0020840784		 | 1.01
 631		 | 0.0020519504		 | 1.02
 632		 | 0.0020527447		 | 1.00
 633		 | 0.0020407247		 | 1.01
 634		 | 0.0020420188		 | 1.00
 635		 | 0.0020479772		 | 1.00
 636		 | 0.0020196702		 | 1.01
 637		 | 0.0020045243		 | 1.01
 638		 | 0.0020104580		 | 1.00
 639		 | 0.0019876515		 | 1.01
 640		 | 0.0019852084		 | 1.00
 641		 | 0.0019859653		 | 1.00
 642		 | 0.0019637598		 | 1.01
 643		 | 0.0019765088		 | 0.99
 644		 | 0.0019588185		 | 1.01
 645		 | 0.0019504563		 | 1.00
 646		 | 0.0019145547		 | 1.02
 647		 | 0.0019343918		 | 0.99
 648		 | 0.0019227268		 | 1.01
 649		 | 0.0019431017		 | 0.99
 650		 | 0.0019137552		 | 1.02
 651		 | 0.0018845898		 | 1.02
 652		 | 0.0019080145		 | 0.99
 653		 | 0.0018847749		 | 1.01
 654		 | 0.0018611626		 | 1.01
 655		 | 0.0018740363		 | 0.99
 656		 | 0.0018457278		 | 1.02
 657		 | 0.0018485573		 | 1.00
 658		 | 0.0018364989		 | 1.01
 659		 | 0.0018186028		 | 1.01
 660		 | 0.0018225909		 | 1.00
 661		 | 0.0018165697		 | 1.00
 662		 | 0.0018000465		 | 1.01
 663		 | 0.0018085217		 | 1.00
 664		 | 0.0017958122		 | 1.01
 665		 | 0.0017729974		 | 1.01
 666		 | 0.0017914473		 | 0.99
 667		 | 0.0017648600		 | 1.02
 668		 | 0.0017742759		 | 0.99
 669		 | 0.0017721874		 | 1.00
 670		 | 0.0017497507		 | 1.01
 671		 | 0.0017316702		 | 1.01
 672		 | 0.0017427787		 | 0.99
 673		 | 0.0017367328		 | 1.00
 674		 | 0.0017330585		 | 1.00
 675		 | 0.0017209243		 | 1.01
 676		 | 0.0016871181		 | 1.02
 677		 | 0.0017076744		 | 0.99
 678		 | 0.0017179479		 | 0.99
 679		 | 0.0016699102		 | 1.03
 680		 | 0.0016823125		 | 0.99
 681		 | 0.0016684497		 | 1.01
 682		 | 0.0016658543		 | 1.00
 683		 | 0.0016587610		 | 1.00
 684		 | 0.0016335133		 | 1.02
 685		 | 0.0016308477		 | 1.00
 686		 | 0.0016175997		 | 1.01
 687		 | 0.0016296491		 | 0.99
 688		 | 0.0016029807		 | 1.02
 689		 | 0.0016327218		 | 0.98
 690		 | 0.0016037597		 | 1.02
 691		 | 0.0015814841		 | 1.01
 692		 | 0.0015975040		 | 0.99
 693		 | 0.0015852817		 | 1.01
 694		 | 0.0015665414		 | 1.01
 695		 | 0.0015757418		 | 0.99
 696		 | 0.0015568267		 | 1.01
 697		 | 0.0015522426		 | 1.00
 698		 | 0.0015595873		 | 1.00
 699		 | 0.0015529561		 | 1.00
 700		 | 0.0015177377		 | 1.02
 701		 | 0.0015353065		 | 0.99
 702		 | 0.0015064987		 | 1.02
 703		 | 0.0015249002		 | 0.99
 704		 | 0.0015112294		 | 1.01
 705		 | 0.0014887765		 | 1.02
 706		 | 0.0015083089		 | 0.99
 707		 | 0.0015061689		 | 1.00
 708		 | 0.0014812042		 | 1.02
 709		 | 0.0014605004		 | 1.01
 710		 | 0.0014773985		 | 0.99
 711		 | 0.0014553315		 | 1.02
 712		 | 0.0014932602		 | 0.97
 713		 | 0.0014226174		 | 1.05
 714		 | 0.0014223183		 | 1.00
 715		 | 0.0014504120		 | 0.98
 716		 | 0.0014216864		 | 1.02
 717		 | 0.0014216404		 | 1.00
 718		 | 0.0014185029		 | 1.00
 719		 | 0.0014123429		 | 1.00
 720		 | 0.0014183517		 | 1.00
 721		 | 0.0014032051		 | 1.01
 722		 | 0.0013756858		 | 1.02
 723		 | 0.0013829597		 | 0.99
 724		 | 0.0013811746		 | 1.00
 725		 | 0.0013584574		 | 1.02
 726		 | 0.0013852688		 | 0.98
 727		 | 0.0013639406		 | 1.02
 728		 | 0.0013524603		 | 1.01
 729		 | 0.0013539371		 | 1.00
 730		 | 0.0013482268		 | 1.00
 731		 | 0.0013354267		 | 1.01
 732		 | 0.0013423819		 | 0.99
 733		 | 0.0013172125		 | 1.02
 734		 | 0.0013140388		 | 1.00
 735		 | 0.0013235201		 | 0.99
 736		 | 0.0012958374		 | 1.02
 737		 | 0.0013200948		 | 0.98
 738		 | 0.0012957725		 | 1.02
 739		 | 0.0012773037		 | 1.01
 740		 | 0.0012856963		 | 0.99
 741		 | 0.0012772094		 | 1.01
 742		 | 0.0012619746		 | 1.01
 743		 | 0.0012677397		 | 1.00
 744		 | 0.0012693767		 | 1.00
 745		 | 0.0012514686		 | 1.01
 746		 | 0.0012570861		 | 1.00
 747		 | 0.0012267950		 | 1.02
 748		 | 0.0012351453		 | 0.99
 749		 | 0.0012399821		 | 1.00
 750		 | 0.0012227496		 | 1.01
 751		 | 0.0012064551		 | 1.01
 752		 | 0.0012446915		 | 0.97
 753		 | 0.0011809763		 | 1.05
 754		 | 0.0012053020		 | 0.98
 755		 | 0.0012059372		 | 1.00
 756		 | 0.0011716828		 | 1.03
 757		 | 0.0012015920		 | 0.98
 758		 | 0.0011783271		 | 1.02
 759		 | 0.0011656784		 | 1.01
 760		 | 0.0011637293		 | 1.00
 761		 | 0.0011583841		 | 1.00
 762		 | 0.0011561555		 | 1.00
 763		 | 0.0011576044		 | 1.00
 764		 | 0.0011291345		 | 1.03
 765		 | 0.0011389470		 | 0.99
 766		 | 0.0011270113		 | 1.01
 767		 | 0.0011363682		 | 0.99
 768		 | 0.0011295701		 | 1.01
 769		 | 0.0011391592		 | 0.99
 770		 | 0.0011082618		 | 1.03
 771		 | 0.0011075170		 | 1.00
 772		 | 0.0010998845		 | 1.01
 773		 | 0.0010869463		 | 1.01
 774		 | 0.0010906575		 | 1.00
 775		 | 0.0010799176		 | 1.01
 776		 | 0.0010836540		 | 1.00
 777		 | 0.0010861562		 | 1.00
 778		 | 0.0010769294		 | 1.01
 779		 | 0.0010585188		 | 1.02
 780		 | 0.0010485198		 | 1.01
 781		 | 0.0010682489		 | 0.98
 782		 | 0.0010458589		 | 1.02
 783		 | 0.0010469955		 | 1.00
 784		 | 0.0010366539		 | 1.01
 785		 | 0.0010514990		 | 0.99
 786		 | 0.0010585446		 | 0.99
 787		 | 0.0010345436		 | 1.02
 788		 | 0.0009988658		 | 1.04
 789		 | 0.0010338495		 | 0.97
 790		 | 0.0010205472		 | 1.01
 791		 | 0.0009955953		 | 1.03
 792		 | 0.0009973536		 | 1.00
 793		 | 0.0009864217		 | 1.01
 794		 | 0.0009769741		 | 1.01
 795		 | 0.0009796172		 | 1.00
 796		 | 0.0009815591		 | 1.00
 797		 | 0.0009559633		 | 1.03
 798		 | 0.0009651692		 | 0.99
 799		 | 0.0009458906		 | 1.02
 800		 | 0.0009731636		 | 0.97
 801		 | 0.0009492244		 | 1.03
 802		 | 0.0009334855		 | 1.02
 803		 | 0.0009429297		 | 0.99
 804		 | 0.0009376445		 | 1.01
 805		 | 0.0009284400		 | 1.01
 806		 | 0.0009433377		 | 0.98
 807		 | 0.0009228222		 | 1.02
 808		 | 0.0009237101		 | 1.00
 809		 | 0.0009410692		 | 0.98
 810		 | 0.0008955234		 | 1.05
 811		 | 0.0009129503		 | 0.98
 812		 | 0.0008959903		 | 1.02
 813		 | 0.0008809507		 | 1.02
 814		 | 0.0009038243		 | 0.97
 815		 | 0.0008853972		 | 1.02
 816		 | 0.0008758644		 | 1.01
 817		 | 0.0008690087		 | 1.01
 818		 | 0.0008750035		 | 0.99
 819		 | 0.0008595940		 | 1.02
 820		 | 0.0008715647		 | 0.99
 821		 | 0.0008409263		 | 1.04
 822		 | 0.0008385478		 | 1.00
 823		 | 0.0008453376		 | 0.99
 824		 | 0.0008412846		 | 1.00
 825		 | 0.0008278633		 | 1.02
 826		 | 0.0008420024		 | 0.98
 827		 | 0.0008311082		 | 1.01
 828		 | 0.0008172057		 | 1.02
 829		 | 0.0008385861		 | 0.97
 830		 | 0.0007841963		 | 1.07
 831		 | 0.0008140868		 | 0.96
 832		 | 0.0008146623		 | 1.00
 833		 | 0.0007936592		 | 1.03
 834		 | 0.0008073199		 | 0.98
 835		 | 0.0007884213		 | 1.02
 836		 | 0.0007706791		 | 1.02
 837		 | 0.0008130332		 | 0.95
 838		 | 0.0007610313		 | 1.07
 839		 | 0.0007783725		 | 0.98
 840		 | 0.0007911086		 | 0.98
 841		 | 0.0007381620		 | 1.07
 842		 | 0.0007723045		 | 0.96
 843		 | 0.0007547899		 | 1.02
 844		 | 0.0007373184		 | 1.02
 845		 | 0.0007507003		 | 0.98
 846		 | 0.0007462269		 | 1.01
 847		 | 0.0007144285		 | 1.04
 848		 | 0.0007551947		 | 0.95
 849		 | 0.0007479851		 | 1.01
 850		 | 0.0007135298		 | 1.05
 851		 | 0.0007365043		 | 0.97
 852		 | 0.0007063560		 | 1.04
 853		 | 0.0006991074		 | 1.01
 854		 | 0.0007224678		 | 0.97
 855		 | 0.0006955336		 | 1.04
 856		 | 0.0006949522		 | 1.00
 857		 | 0.0007081204		 | 0.98
 858		 | 0.0006853645		 | 1.03
 859		 | 0.0006779477		 | 1.01
 860		 | 0.0007150740		 | 0.95
 861		 | 0.0006516188		 | 1.10
 862		 | 0.0006746058		 | 0.97
 863		 | 0.0006775036		 | 1.00
 864		 | 0.0006695527		 | 1.01
 865		 | 0.0006555914		 | 1.02
 866		 | 0.0006591063		 | 0.99
 867		 | 0.0006377571		 | 1.03
 868		 | 0.0006533228		 | 0.98
 869		 | 0.0006623193		 | 0.99
 870		 | 0.0006210366		 | 1.07
 871		 | 0.0006448950		 | 0.96
 872		 | 0.0006117512		 | 1.05
 873		 | 0.0006150369		 | 0.99
 874		 | 0.0006283716		 | 0.98
 875		 | 0.0006043612		 | 1.04
 876		 | 0.0006054379		 | 1.00
 877		 | 0.0006059550		 | 1.00
 878		 | 0.0006066617		 | 1.00
 879		 | 0.0006043102		 | 1.00
 880		 | 0.0005933414		 | 1.02
 881		 | 0.0005845117		 | 1.02
 882		 | 0.0006109988		 | 0.96
 883		 | 0.0005857582		 | 1.04
 884		 | 0.0005806317		 | 1.01
 885		 | 0.0005873018		 | 0.99
 886		 | 0.0005720478		 | 1.03
 887		 | 0.0005652029		 | 1.01
 888		 | 0.0005866022		 | 0.96
 889		 | 0.0005673363		 | 1.03
 890		 | 0.0005640466		 | 1.01
 891		 | 0.0005555506		 | 1.02
 892		 | 0.0005594366		 | 0.99
 893		 | 0.0005381246		 | 1.04
 894		 | 0.0005324864		 | 1.01
 895		 | 0.0005281096		 | 1.01
 896		 | 0.0005302391		 | 1.00
 897		 | 0.0005399677		 | 0.98
 898		 | 0.0005210188		 | 1.04
 899		 | 0.0005186783		 | 1.00
 900		 | 0.0005067508		 | 1.02
 901		 | 0.0005131449		 | 0.99
 902		 | 0.0005190895		 | 0.99
 903		 | 0.0005032743		 | 1.03
 904		 | 0.0004932930		 | 1.02
 905		 | 0.0005002031		 | 0.99
 906		 | 0.0004907695		 | 1.02
 907		 | 0.0004973156		 | 0.99
 908		 | 0.0004879465		 | 1.02
 909		 | 0.0004765247		 | 1.02
 910		 | 0.0004779774		 | 1.00
 911		 | 0.0004849365		 | 0.99
 912		 | 0.0004835442		 | 1.00
 913		 | 0.0004748371		 | 1.02
 914		 | 0.0004650353		 | 1.02
 915		 | 0.0004579264		 | 1.02
 916		 | 0.0004511621		 | 1.01
 917		 | 0.0004672729		 | 0.97
 918		 | 0.0004358481		 | 1.07
 919		 | 0.0004499690		 | 0.97
 920		 | 0.0004442480		 | 1.01
 921		 | 0.0004374149		 | 1.02
 922		 | 0.0004251035		 | 1.03
 923		 | 0.0004315567		 | 0.99
 924		 | 0.0004122838		 | 1.05
 925		 | 0.0004219018		 | 0.98
 926		 | 0.0004178844		 | 1.01
 927		 | 0.0004120707		 | 1.01
 928		 | 0.0004111683		 | 1.00
 929		 | 0.0004089686		 | 1.01
 930		 | 0.0003988667		 | 1.03
 931		 | 0.0004183214		 | 0.95
 932		 | 0.0003892728		 | 1.07
 933		 | 0.0003858664		 | 1.01
 934		 | 0.0004074923		 | 0.95
 935		 | 0.0003787590		 | 1.08
 936		 | 0.0003770235		 | 1.00
 937		 | 0.0003875454		 | 0.97
 938		 | 0.0003799748		 | 1.02
 939		 | 0.0003943176		 | 0.96
 940		 | 0.0003624471		 | 1.09
 941		 | 0.0003715014		 | 0.98
 942		 | 0.0003777833		 | 0.98
 943		 | 0.0003395153		 | 1.11
 944		 | 0.0003611002		 | 0.94
 945		 | 0.0003545809		 | 1.02
 946		 | 0.0003530153		 | 1.00
 947		 | 0.0003312747		 | 1.07
 948		 | 0.0003545592		 | 0.93
 949		 | 0.0003525396		 | 1.01
 950		 | 0.0003266925		 | 1.08
 951		 | 0.0003531510		 | 0.93
 952		 | 0.0003308378		 | 1.07
 953		 | 0.0003186005		 | 1.04
 954		 | 0.0003319207		 | 0.96
 955		 | 0.0003210556		 | 1.03
 956		 | 0.0003158111		 | 1.02
 957		 | 0.0003248518		 | 0.97
 958		 | 0.0002925714		 | 1.11
 959		 | 0.0003286291		 | 0.89
 960		 | 0.0002921031		 | 1.13
 961		 | 0.0002973917		 | 0.98
 962		 | 0.0003123807		 | 0.95
 963		 | 0.0002844998		 | 1.10
 964		 | 0.0002846230		 | 1.00
 965		 | 0.0003066556		 | 0.93
 966		 | 0.0002799955		 | 1.10
 967		 | 0.0002894802		 | 0.97
 968		 | 0.0002720913		 | 1.06
 969		 | 0.0002714138		 | 1.00
 970		 | 0.0002605920		 | 1.04
 971		 | 0.0002736020		 | 0.95
 972		 | 0.0002581528		 | 1.06
 973		 | 0.0002595211		 | 0.99
 974		 | 0.0002551827		 | 1.02
 975		 | 0.0002424168		 | 1.05
 976		 | 0.0002740719		 | 0.88
 977		 | 0.0002486601		 | 1.10
 978		 | 0.0002430137		 | 1.02
 979		 | 0.0002481788		 | 0.98
 980		 | 0.0002383695		 | 1.04
 981		 | 0.0002248979		 | 1.06
 982		 | 0.0002604701		 | 0.86
 983		 | 0.0002113431		 | 1.23
 984		 | 0.0002271537		 | 0.93
 985		 | 0.0002289868		 | 0.99
 986		 | 0.0002203039		 | 1.04
 987		 | 0.0002287500		 | 0.96
 988		 | 0.0002147807		 | 1.07
 989		 | 0.0002135237		 | 1.01
 990		 | 0.0002414360		 | 0.88
 991		 | 0.0002080575		 | 1.16
 992		 | 0.0002101015		 | 0.99
 993		 | 0.0002157454		 | 0.97
 994		 | 0.0002200054		 | 0.98
 995		 | 0.0001969925		 | 1.12
 996		 | 0.0002115876		 | 0.93
 997		 | 0.0001963162		 | 1.08
 998		 | 0.0001871227		 | 1.05
 999		 | 0.0002117627		 | 0.88
1000		 | 0.0001776290		 | 1.19