Resize Kernel: Bicubic b 0.33 c 0.33
Native resolution(s) (best guess): 810p
Please check the graph manually for more accurate results

Raw data:
Resolution	 | Relative Error	 | Relative difference from last
 500		 | 0.0003751075		 | 0.00
 501		 | 0.0003654644		 | 1.03
 502		 | 0.0003643431		 | 1.00
 503		 | 0.0003576009		 | 1.02
 504		 | 0.0003623077		 | 0.99
 505		 | 0.0003551071		 | 1.02
 506		 | 0.0003512440		 | 1.01
 507		 | 0.0003513622		 | 1.00
 508		 | 0.0003596172		 | 0.98
 509		 | 0.0003512620		 | 1.02
 510		 | 0.0003462755		 | 1.01
 511		 | 0.0003368047		 | 1.03
 512		 | 0.0003371523		 | 1.00
 513		 | 0.0003332333		 | 1.01
 514		 | 0.0003362453		 | 0.99
 515		 | 0.0003341791		 | 1.01
 516		 | 0.0003310204		 | 1.01
 517		 | 0.0003359507		 | 0.99
 518		 | 0.0003237857		 | 1.04
 519		 | 0.0003150833		 | 1.03
 520		 | 0.0003175089		 | 0.99
 521		 | 0.0003218762		 | 0.99
 522		 | 0.0003104683		 | 1.04
 523		 | 0.0003161566		 | 0.98
 524		 | 0.0003123075		 | 1.01
 525		 | 0.0003095063		 | 1.01
 526		 | 0.0003080314		 | 1.00
 527		 | 0.0003042290		 | 1.01
 528		 | 0.0003014475		 | 1.01
 529		 | 0.0003023013		 | 1.00
 530		 | 0.0002995611		 | 1.01
 531		 | 0.0002932087		 | 1.02
 532		 | 0.0002913930		 | 1.01
 533		 | 0.0002959938		 | 0.98
 534		 | 0.0002976708		 | 0.99
 535		 | 0.0002855823		 | 1.04
 536		 | 0.0002889327		 | 0.99
 537		 | 0.0002911082		 | 0.99
 538		 | 0.0002845206		 | 1.02
 539		 | 0.0002729848		 | 1.04
 540		 | 0.0002815352		 | 0.97
 541		 | 0.0002809032		 | 1.00
 542		 | 0.0002767343		 | 1.02
 543		 | 0.0002753818		 | 1.00
 544		 | 0.0002807153		 | 0.98
 545		 | 0.0002757678		 | 1.02
 546		 | 0.0002677393		 | 1.03
 547		 | 0.0002669262		 | 1.00
 548		 | 0.0002596027		 | 1.03
 549		 | 0.0002537693		 | 1.02
 550		 | 0.0002577413		 | 0.98
 551		 | 0.0002568447		 | 1.00
 552		 | 0.0002566698		 | 1.00
 553		 | 0.0002552587		 | 1.01
 554		 | 0.0002554697		 | 1.00
 555		 | 0.0002451641		 | 1.04
 556		 | 0.0002440101		 | 1.00
 557		 | 0.0002488395		 | 0.98
 558		 | 0.0002404367		 | 1.03
 559		 | 0.0002374795		 | 1.01
 560		 | 0.0002389405		 | 0.99
 561		 | 0.0002340345		 | 1.02
 562		 | 0.0002283151		 | 1.03
 563		 | 0.0002352100		 | 0.97
 564		 | 0.0002372646		 | 0.99
 565		 | 0.0002333414		 | 1.02
 566		 | 0.0002289011		 | 1.02
 567		 | 0.0002256575		 | 1.01
 568		 | 0.0002203154		 | 1.02
 569		 | 0.0002254209		 | 0.98
 570		 | 0.0002206595		 | 1.02
 571		 | 0.0002193738		 | 1.01
 572		 | 0.0002170268		 | 1.01
 573		 | 0.0002193865		 | 0.99
 574		 | 0.0002152444		 | 1.02
 575		 | 0.0002127631		 | 1.01
 576		 | 0.0002114584		 | 1.01
 577		 | 0.0002063519		 | 1.02
 578		 | 0.0002059577		 | 1.00
 579		 | 0.0002072787		 | 0.99
 580		 | 0.0002063892		 | 1.00
 581		 | 0.0002029162		 | 1.02
 582		 | 0.0002047638		 | 0.99
 583		 | 0.0002013065		 | 1.02
 584		 | 0.0001966293		 | 1.02
 585		 | 0.0001943770		 | 1.01
 586		 | 0.0001960206		 | 0.99
 587		 | 0.0001914286		 | 1.02
 588		 | 0.0001982606		 | 0.97
 589		 | 0.0001952283		 | 1.02
 590		 | 0.0001958300		 | 1.00
 591		 | 0.0001950411		 | 1.00
 592		 | 0.0001926734		 | 1.01
 593		 | 0.0001863515		 | 1.03
 594		 | 0.0001864594		 | 1.00
 595		 | 0.0001805147		 | 1.03
 596		 | 0.0001825678		 | 0.99
 597		 | 0.0001837287		 | 0.99
 598		 | 0.0001834571		 | 1.00
 599		 | 0.0001795170		 | 1.02
 600		 | 0.0001800897		 | 1.00
 601		 | 0.0001823150		 | 0.99
 602		 | 0.0001810941		 | 1.01
 603		 | 0.0001756064		 | 1.03
 604		 | 0.0001721086		 | 1.02
 605		 | 0.0001735632		 | 0.99
 606		 | 0.0001655507		 | 1.05
 607		 | 0.0001681383		 | 0.98
 608		 | 0.0001702338		 | 0.99
 609		 | 0.0001728805		 | 0.98
 610		 | 0.0001713875		 | 1.01
 611		 | 0.0001681584		 | 1.02
 612		 | 0.0001651907		 | 1.02
 613		 | 0.0001643766		 | 1.00
 614		 | 0.0001612292		 | 1.02
 615		 | 0.0001589701		 | 1.01
 616		 | 0.0001591349		 | 1.00
 617		 | 0.0001614973		 | 0.99
 618		 | 0.0001592867		 | 1.01
 619		 | 0.0001568907		 | 1.02
 620		 | 0.0001589372		 | 0.99
 621		 | 0.0001556560		 | 1.02
 622		 | 0.0001525152		 | 1.02
 623		 | 0.0001484365		 | 1.03
 624		 | 0.0001518342		 | 0.98
 625		 | 0.0001478442		 | 1.03
 626		 | 0.0001420687		 | 1.04
 627		 | 0.0001471442		 | 0.97
 628		 | 0.0001461838		 | 1.01
 629		 | 0.0001451883		 | 1.01
 630		 | 0.0001433448		 | 1.01
 631		 | 0.0001401036		 | 1.02
 632		 | 0.0001346576		 | 1.04
 633		 | 0.0001354213		 | 0.99
 634		 | 0.0001360604		 | 1.00
 635		 | 0.0001330156		 | 1.02
 636		 | 0.0001377515		 | 0.97
 637		 | 0.0001364938		 | 1.01
 638		 | 0.0001320816		 | 1.03
 639		 | 0.0001326451		 | 1.00
 640		 | 0.0001290061		 | 1.03
 641		 | 0.0001246664		 | 1.03
 642		 | 0.0001228556		 | 1.01
 643		 | 0.0001266746		 | 0.97
 644		 | 0.0001288459		 | 0.98
 645		 | 0.0001236699		 | 1.04
 646		 | 0.0001230285		 | 1.01
 647		 | 0.0001205451		 | 1.02
 648		 | 0.0001232618		 | 0.98
 649		 | 0.0001207405		 | 1.02
 650		 | 0.0001215656		 | 0.99
 651		 | 0.0001200452		 | 1.01
 652		 | 0.0001142050		 | 1.05
 653		 | 0.0001157253		 | 0.99
 654		 | 0.0001155712		 | 1.00
 655		 | 0.0001173193		 | 0.99
 656		 | 0.0001189403		 | 0.99
 657		 | 0.0001197545		 | 0.99
 658		 | 0.0001118650		 | 1.07
 659		 | 0.0001103157		 | 1.01
 660		 | 0.0001122766		 | 0.98
 661		 | 0.0001086801		 | 1.03
 662		 | 0.0001109560		 | 0.98
 663		 | 0.0001154305		 | 0.96
 664		 | 0.0001153417		 | 1.00
 665		 | 0.0001135723		 | 1.02
 666		 | 0.0001117029		 | 1.02
 667		 | 0.0001085743		 | 1.03
 668		 | 0.0001018838		 | 1.07
 669		 | 0.0001047563		 | 0.97
 670		 | 0.0001051284		 | 1.00
 671		 | 0.0001020655		 | 1.03
 672		 | 0.0001038318		 | 0.98
 673		 | 0.0001073757		 | 0.97
 674		 | 0.0001033835		 | 1.04
 675		 | 0.0000982717		 | 1.05
 676		 | 0.0001041306		 | 0.94
 677		 | 0.0001017372		 | 1.02
 678		 | 0.0000990003		 | 1.03
 679		 | 0.0001008791		 | 0.98
 680		 | 0.0000956030		 | 1.06
 681		 | 0.0000895832		 | 1.07
 682		 | 0.0000969724		 | 0.92
 683		 | 0.0000972551		 | 1.00
 684		 | 0.0000951375		 | 1.02
 685		 | 0.0000988616		 | 0.96
 686		 | 0.0000965761		 | 1.02
 687		 | 0.0000911675		 | 1.06
 688		 | 0.0000927900		 | 0.98
 689		 | 0.0000906497		 | 1.02
 690		 | 0.0000848919		 | 1.07
 691		 | 0.0000869694		 | 0.98
 692		 | 0.0000897071		 | 0.97
 693		 | 0.0000879899		 | 1.02
 694		 | 0.0000878426		 | 1.00
 695		 | 0.0000879658		 | 1.00
 696		 | 0.0000905062		 | 0.97
 697		 | 0.0000810202		 | 1.12
 698		 | 0.0000834886		 | 0.97
 699		 | 0.0000817637		 | 1.02
 700		 | 0.0000777810		 | 1.05
 701		 | 0.0000851206		 | 0.91
 702		 | 0.0000832084		 | 1.02
 703		 | 0.0000777519		 | 1.07
 704		 | 0.0000823019		 | 0.94
 705		 | 0.0000838422		 | 0.98
 706		 | 0.0000773822		 | 1.08
 707		 | 0.0000778979		 | 0.99
 708		 | 0.0000828604		 | 0.94
 709		 | 0.0000793841		 | 1.04
 710		 | 0.0000759229		 | 1.05
 711		 | 0.0000789869		 | 0.96
 712		 | 0.0000751297		 | 1.05
 713		 | 0.0000756710		 | 0.99
 714		 | 0.0000727377		 | 1.04
 715		 | 0.0000760037		 | 0.96
 716		 | 0.0000719014		 | 1.06
 717		 | 0.0000748619		 | 0.96
 718		 | 0.0000702890		 | 1.07
 719		 | 0.0000692349		 | 1.02
 720		 | 0.0000730240		 | 0.95
 721		 | 0.0000764985		 | 0.95
 722		 | 0.0000702578		 | 1.09
 723		 | 0.0000714819		 | 0.98
 724		 | 0.0000727978		 | 0.98
 725		 | 0.0000672975		 | 1.08
 726		 | 0.0000610703		 | 1.10
 727		 | 0.0000662799		 | 0.92
 728		 | 0.0000686609		 | 0.97
 729		 | 0.0000696794		 | 0.99
 730		 | 0.0000700888		 | 0.99
 731		 | 0.0000641115		 | 1.09
 732		 | 0.0000687892		 | 0.93
 733		 | 0.0000694164		 | 0.99
 734		 | 0.0000619735		 | 1.12
 735		 | 0.0000599117		 | 1.03
 736		 | 0.0000620942		 | 0.96
 737		 | 0.0000617534		 | 1.01
 738		 | 0.0000615866		 | 1.00
 739		 | 0.0000641559		 | 0.96
 740		 | 0.0000660436		 | 0.97
 741		 | 0.0000606400		 | 1.09
 742		 | 0.0000631857		 | 0.96
 743		 | 0.0000620740		 | 1.02
 744		 | 0.0000576010		 | 1.08
 745		 | 0.0000546168		 | 1.05
 746		 | 0.0000572003		 | 0.95
 747		 | 0.0000582139		 | 0.98
 748		 | 0.0000618716		 | 0.94
 749		 | 0.0000612708		 | 1.01
 750		 | 0.0000549849		 | 1.11
 751		 | 0.0000614475		 | 0.89
 752		 | 0.0000584879		 | 1.05
 753		 | 0.0000548580		 | 1.07
 754		 | 0.0000531063		 | 1.03
 755		 | 0.0000568678		 | 0.93
 756		 | 0.0000545007		 | 1.04
 757		 | 0.0000542355		 | 1.00
 758		 | 0.0000538601		 | 1.01
 759		 | 0.0000544656		 | 0.99
 760		 | 0.0000554158		 | 0.98
 761		 | 0.0000563926		 | 0.98
 762		 | 0.0000488427		 | 1.15
 763		 | 0.0000523039		 | 0.93
 764		 | 0.0000506737		 | 1.03
 765		 | 0.0000479532		 | 1.06
 766		 | 0.0000479789		 | 1.00
 767		 | 0.0000538677		 | 0.89
 768		 | 0.0000503985		 | 1.07
 769		 | 0.0000546825		 | 0.92
 770		 | 0.0000536324		 | 1.02
 771		 | 0.0000465990		 | 1.15
 772		 | 0.0000498046		 | 0.94
 773		 | 0.0000522126		 | 0.95
 774		 | 0.0000471221		 | 1.11
 775		 | 0.0000489082		 | 0.96
 776		 | 0.0000505364		 | 0.97
 777		 | 0.0000455492		 | 1.11
 778		 | 0.0000467483		 | 0.97
 779		 | 0.0000472672		 | 0.99
 780		 | 0.0000501605		 | 0.94
 781		 | 0.0000434146		 | 1.16
 782		 | 0.0000461038		 | 0.94
 783		 | 0.0000394146		 | 1.17
 784		 | 0.0000433585		 | 0.91
 785		 | 0.0000487655		 | 0.89
 786		 | 0.0000476976		 | 1.02
 787		 | 0.0000452359		 | 1.05
 788		 | 0.0000436978		 | 1.04
 789		 | 0.0000416629		 | 1.05
 790		 | 0.0000382803		 | 1.09
 791		 | 0.0000368108		 | 1.04
 792		 | 0.0000448372		 | 0.82
 793		 | 0.0000424424		 | 1.06
 794		 | 0.0000394129		 | 1.08
 795		 | 0.0000414416		 | 0.95
 796		 | 0.0000433730		 | 0.96
 797		 | 0.0000362884		 | 1.20
 798		 | 0.0000340446		 | 1.07
 799		 | 0.0000396271		 | 0.86
 800		 | 0.0000391304		 | 1.01
 801		 | 0.0000347415		 | 1.13
 802		 | 0.0000341259		 | 1.02
 803		 | 0.0000333291		 | 1.02
 804		 | 0.0000261366		 | 1.28
 805		 | 0.0000363269		 | 0.72
 806		 | 0.0000402192		 | 0.90
 807		 | 0.0000353365		 | 1.14
 808		 | 0.0000389834		 | 0.91
 809		 | 0.0000294472		 | 1.32
 810		 | 0.0000030566		 | 9.63
 811		 | 0.0000293838		 | 0.10
 812		 | 0.0000359468		 | 0.82
 813		 | 0.0000298677		 | 1.20
 814		 | 0.0000375211		 | 0.80
 815		 | 0.0000398842		 | 0.94
 816		 | 0.0000270163		 | 1.48
 817		 | 0.0000293804		 | 0.92
 818		 | 0.0000304638		 | 0.96
 819		 | 0.0000293075		 | 1.04
 820		 | 0.0000325045		 | 0.90
 821		 | 0.0000338284		 | 0.96
 822		 | 0.0000281309		 | 1.20
 823		 | 0.0000285560		 | 0.99
 824		 | 0.0000357467		 | 0.80
 825		 | 0.0000321434		 | 1.11
 826		 | 0.0000278960		 | 1.15
 827		 | 0.0000334724		 | 0.83
 828		 | 0.0000353759		 | 0.95
 829		 | 0.0000247145		 | 1.43
 830		 | 0.0000272962		 | 0.91
 831		 | 0.0000282311		 | 0.97
 832		 | 0.0000260844		 | 1.08
 833		 | 0.0000288776		 | 0.90
 834		 | 0.0000339536		 | 0.85
 835		 | 0.0000315946		 | 1.07
 836		 | 0.0000272023		 | 1.16
 837		 | 0.0000247165		 | 1.10
 838		 | 0.0000266541		 | 0.93
 839		 | 0.0000250117		 | 1.07
 840		 | 0.0000297975		 | 0.84
 841		 | 0.0000260811		 | 1.14
 842		 | 0.0000254192		 | 1.03
 843		 | 0.0000277117		 | 0.92
 844		 | 0.0000273010		 | 1.02
 845		 | 0.0000235780		 | 1.16
 846		 | 0.0000244627		 | 0.96
 847		 | 0.0000271346		 | 0.90
 848		 | 0.0000243968		 | 1.11
 849		 | 0.0000220689		 | 1.11
 850		 | 0.0000241972		 | 0.91
 851		 | 0.0000260096		 | 0.93
 852		 | 0.0000235073		 | 1.11
 853		 | 0.0000259023		 | 0.91
 854		 | 0.0000219863		 | 1.18
 855		 | 0.0000204557		 | 1.07
 856		 | 0.0000223486		 | 0.92
 857		 | 0.0000214534		 | 1.04
 858		 | 0.0000194611		 | 1.10
 859		 | 0.0000242889		 | 0.80
 860		 | 0.0000248435		 | 0.98
 861		 | 0.0000238718		 | 1.04
 862		 | 0.0000227926		 | 1.05
 863		 | 0.0000224942		 | 1.01
 864		 | 0.0000197364		 | 1.14
 865		 | 0.0000200165		 | 0.99
 866		 | 0.0000205240		 | 0.98
 867		 | 0.0000197632		 | 1.04
 868		 | 0.0000202023		 | 0.98
 869		 | 0.0000197116		 | 1.02
 870		 | 0.0000192394		 | 1.02
 871		 | 0.0000218903		 | 0.88
 872		 | 0.0000211060		 | 1.04
 873		 | 0.0000182174		 | 1.16
 874		 | 0.0000186259		 | 0.98
 875		 | 0.0000167692		 | 1.11
 876		 | 0.0000166488		 | 1.01
 877		 | 0.0000166089		 | 1.00
 878		 | 0.0000170708		 | 0.97
 879		 | 0.0000203465		 | 0.84
 880		 | 0.0000218101		 | 0.93
 881		 | 0.0000196726		 | 1.11
 882		 | 0.0000182612		 | 1.08
 883		 | 0.0000159858		 | 1.14
 884		 | 0.0000175153		 | 0.91
 885		 | 0.0000176357		 | 0.99
 886		 | 0.0000162269		 | 1.09
 887		 | 0.0000179166		 | 0.91
 888		 | 0.0000169183		 | 1.06
 889		 | 0.0000168168		 | 1.01
 890		 | 0.0000200373		 | 0.84
 891		 | 0.0000168765		 | 1.19
 892		 | 0.0000158574		 | 1.06
 893		 | 0.0000158172		 | 1.00
 894		 | 0.0000132043		 | 1.20
 895		 | 0.0000141247		 | 0.93
 896		 | 0.0000144085		 | 0.98
 897		 | 0.0000154297		 | 0.93
 898		 | 0.0000148989		 | 1.04
 899		 | 0.0000162652		 | 0.92
 900		 | 0.0000121354		 | 1.34
 901		 | 0.0000128668		 | 0.94
 902		 | 0.0000115082		 | 1.12
 903		 | 0.0000153788		 | 0.75
 904		 | 0.0000123133		 | 1.25
 905		 | 0.0000102498		 | 1.20
 906		 | 0.0000118829		 | 0.86
 907		 | 0.0000126553		 | 0.94
 908		 | 0.0000127923		 | 0.99
 909		 | 0.0000138374		 | 0.92
 910		 | 0.0000096803		 | 1.43
 911		 | 0.0000116219		 | 0.83
 912		 | 0.0000128091		 | 0.91
 913		 | 0.0000115034		 | 1.11
 914		 | 0.0000099005		 | 1.16
 915		 | 0.0000121097		 | 0.82
 916		 | 0.0000100642		 | 1.20
 917		 | 0.0000108136		 | 0.93
 918		 | 0.0000115240		 | 0.94
 919		 | 0.0000098290		 | 1.17
 920		 | 0.0000081941		 | 1.20
 921		 | 0.0000102314		 | 0.80
 922		 | 0.0000088235		 | 1.16
 923		 | 0.0000095664		 | 0.92
 924		 | 0.0000109168		 | 0.88
 925		 | 0.0000086852		 | 1.26
 926		 | 0.0000102865		 | 0.84
 927		 | 0.0000111754		 | 0.92
 928		 | 0.0000083632		 | 1.34
 929		 | 0.0000081374		 | 1.03
 930		 | 0.0000075734		 | 1.07
 931		 | 0.0000083678		 | 0.91
 932		 | 0.0000084022		 | 1.00
 933		 | 0.0000069051		 | 1.22
 934		 | 0.0000090879		 | 0.76
 935		 | 0.0000110575		 | 0.82
 936		 | 0.0000092442		 | 1.20
 937		 | 0.0000086351		 | 1.07
 938		 | 0.0000065703		 | 1.31
 939		 | 0.0000088874		 | 0.74
 940		 | 0.0000080960		 | 1.10
 941		 | 0.0000064536		 | 1.25
 942		 | 0.0000099915		 | 0.65
 943		 | 0.0000084535		 | 1.18
 944		 | 0.0000067565		 | 1.25
 945		 | 0.0000143959		 | 0.47
 946		 | 0.0000066220		 | 2.17
 947		 | 0.0000070451		 | 0.94
 948		 | 0.0000072282		 | 0.97
 949		 | 0.0000063458		 | 1.14
 950		 | 0.0000064367		 | 0.99
 951		 | 0.0000065534		 | 0.98
 952		 | 0.0000043902		 | 1.49
 953		 | 0.0000065561		 | 0.67
 954		 | 0.0000057005		 | 1.15
 955		 | 0.0000082278		 | 0.69
 956		 | 0.0000070618		 | 1.17
 957		 | 0.0000044245		 | 1.60
 958		 | 0.0000054989		 | 0.80
 959		 | 0.0000063802		 | 0.86
 960		 | 0.0000034374		 | 1.86
 961		 | 0.0000046643		 | 0.74
 962		 | 0.0000049147		 | 0.95
 963		 | 0.0000057568		 | 0.85
 964		 | 0.0000049523		 | 1.16
 965		 | 0.0000038337		 | 1.29
 966		 | 0.0000049164		 | 0.78
 967		 | 0.0000041689		 | 1.18
 968		 | 0.0000040504		 | 1.03
 969		 | 0.0000049278		 | 0.82
 970		 | 0.0000027653		 | 1.78
 971		 | 0.0000036638		 | 0.75
 972		 | 0.0000044444		 | 0.82
 973		 | 0.0000037353		 | 1.19
 974		 | 0.0000033576		 | 1.11
 975		 | 0.0000042945		 | 0.78
 976		 | 0.0000023653		 | 1.82
 977		 | 0.0000024859		 | 0.95
 978		 | 0.0000047836		 | 0.52
 979		 | 0.0000033342		 | 1.43
 980		 | 0.0000023267		 | 1.43
 981		 | 0.0000036872		 | 0.63
 982		 | 0.0000044000		 | 0.84
 983		 | 0.0000027151		 | 1.62
 984		 | 0.0000032888		 | 0.83
 985		 | 0.0000025487		 | 1.29
 986		 | 0.0000020056		 | 1.27
 987		 | 0.0000031169		 | 0.64
 988		 | 0.0000015377		 | 2.03
 989		 | 0.0000020958		 | 0.73
 990		 | 0.0000007583		 | 2.76
 991		 | 0.0000028665		 | 0.26
 992		 | 0.0000019069		 | 1.50
 993		 | 0.0000025761		 | 0.74
 994		 | 0.0000028421		 | 0.91
 995		 | 0.0000023299		 | 1.22
 996		 | 0.0000019988		 | 1.17
 997		 | 0.0000032924		 | 0.61
 998		 | 0.0000030635		 | 1.07
 999		 | 0.0000024907		 | 1.23
1000		 | 0.0000033727		 | 0.74