Resize Kernel: Bicubic b 0.33 c 0.33
Native resolution(s) (best guess): 806p
Please check the graph manually for more accurate results

Raw data:
Resolution	 | Relative Error	 | Relative difference from last
 500		 | 0.0018740636		 | 0.00
 501		 | 0.0018389252		 | 1.02
 502		 | 0.0018305226		 | 1.00
 503		 | 0.0018443335		 | 0.99
 504		 | 0.0018155414		 | 1.02
 505		 | 0.0017883980		 | 1.02
 506		 | 0.0017893089		 | 1.00
 507		 | 0.0017854256		 | 1.00
 508		 | 0.0017692703		 | 1.01
 509		 | 0.0017598992		 | 1.01
 510		 | 0.0017503439		 | 1.01
 511		 | 0.0017348472		 | 1.01
 512		 | 0.0017360440		 | 1.00
 513		 | 0.0017284869		 | 1.00
 514		 | 0.0017070717		 | 1.01
 515		 | 0.0017009815		 | 1.00
 516		 | 0.0017037541		 | 1.00
 517		 | 0.0016843325		 | 1.01
 518		 | 0.0016903851		 | 1.00
 519		 | 0.0016747025		 | 1.01
 520		 | 0.0016608930		 | 1.01
 521		 | 0.0016489359		 | 1.01
 522		 | 0.0016415940		 | 1.00
 523		 | 0.0016544482		 | 0.99
 524		 | 0.0016205412		 | 1.02
 525		 | 0.0016302977		 | 0.99
 526		 | 0.0016030533		 | 1.02
 527		 | 0.0016071621		 | 1.00
 528		 | 0.0015923004		 | 1.01
 529		 | 0.0015953373		 | 1.00
 530		 | 0.0015582663		 | 1.02
 531		 | 0.0015561917		 | 1.00
 532		 | 0.0015518965		 | 1.00
 533		 | 0.0015416411		 | 1.01
 534		 | 0.0015339341		 | 1.01
 535		 | 0.0015350864		 | 1.00
 536		 | 0.0015249704		 | 1.01
 537		 | 0.0015201820		 | 1.00
 538		 | 0.0015316974		 | 0.99
 539		 | 0.0014965610		 | 1.02
 540		 | 0.0014879792		 | 1.01
 541		 | 0.0014949666		 | 1.00
 542		 | 0.0014776812		 | 1.01
 543		 | 0.0014667595		 | 1.01
 544		 | 0.0014773772		 | 0.99
 545		 | 0.0014472819		 | 1.02
 546		 | 0.0014425386		 | 1.00
 547		 | 0.0014534484		 | 0.99
 548		 | 0.0014765747		 | 0.98
 549		 | 0.0014127740		 | 1.05
 550		 | 0.0014352450		 | 0.98
 551		 | 0.0014049739		 | 1.02
 552		 | 0.0014084763		 | 1.00
 553		 | 0.0014007256		 | 1.01
 554		 | 0.0013834303		 | 1.01
 555		 | 0.0013593187		 | 1.02
 556		 | 0.0013849361		 | 0.98
 557		 | 0.0013712523		 | 1.01
 558		 | 0.0013610064		 | 1.01
 559		 | 0.0013555715		 | 1.00
 560		 | 0.0013410786		 | 1.01
 561		 | 0.0013395590		 | 1.00
 562		 | 0.0013488474		 | 0.99
 563		 | 0.0013310167		 | 1.01
 564		 | 0.0012980213		 | 1.03
 565		 | 0.0013210049		 | 0.98
 566		 | 0.0013101730		 | 1.01
 567		 | 0.0013036322		 | 1.01
 568		 | 0.0012935403		 | 1.01
 569		 | 0.0012759069		 | 1.01
 570		 | 0.0012678470		 | 1.01
 571		 | 0.0012930819		 | 0.98
 572		 | 0.0012690094		 | 1.02
 573		 | 0.0012516026		 | 1.01
 574		 | 0.0012604483		 | 0.99
 575		 | 0.0012449197		 | 1.01
 576		 | 0.0012472950		 | 1.00
 577		 | 0.0012297275		 | 1.01
 578		 | 0.0012211527		 | 1.01
 579		 | 0.0012145148		 | 1.01
 580		 | 0.0012313842		 | 0.99
 581		 | 0.0012202880		 | 1.01
 582		 | 0.0012011406		 | 1.02
 583		 | 0.0011958662		 | 1.00
 584		 | 0.0011875873		 | 1.01
 585		 | 0.0011830616		 | 1.00
 586		 | 0.0011842599		 | 1.00
 587		 | 0.0011634110		 | 1.02
 588		 | 0.0011621372		 | 1.00
 589		 | 0.0011616145		 | 1.00
 590		 | 0.0011549740		 | 1.01
 591		 | 0.0011509260		 | 1.00
 592		 | 0.0011506647		 | 1.00
 593		 | 0.0011349121		 | 1.01
 594		 | 0.0011285478		 | 1.01
 595		 | 0.0011167931		 | 1.01
 596		 | 0.0011139946		 | 1.00
 597		 | 0.0011186616		 | 1.00
 598		 | 0.0011029890		 | 1.01
 599		 | 0.0011024104		 | 1.00
 600		 | 0.0010946903		 | 1.01
 601		 | 0.0011045977		 | 0.99
 602		 | 0.0010779210		 | 1.02
 603		 | 0.0010744340		 | 1.00
 604		 | 0.0010674673		 | 1.01
 605		 | 0.0010683415		 | 1.00
 606		 | 0.0010690118		 | 1.00
 607		 | 0.0010661146		 | 1.00
 608		 | 0.0010460427		 | 1.02
 609		 | 0.0010441220		 | 1.00
 610		 | 0.0010507734		 | 0.99
 611		 | 0.0010416373		 | 1.01
 612		 | 0.0010298663		 | 1.01
 613		 | 0.0010145716		 | 1.02
 614		 | 0.0010254566		 | 0.99
 615		 | 0.0010239514		 | 1.00
 616		 | 0.0010294337		 | 0.99
 617		 | 0.0010045576		 | 1.02
 618		 | 0.0010064931		 | 1.00
 619		 | 0.0009954545		 | 1.01
 620		 | 0.0009945196		 | 1.00
 621		 | 0.0009827405		 | 1.01
 622		 | 0.0009788925		 | 1.00
 623		 | 0.0009745274		 | 1.00
 624		 | 0.0009805457		 | 0.99
 625		 | 0.0009801899		 | 1.00
 626		 | 0.0009754733		 | 1.00
 627		 | 0.0009602202		 | 1.02
 628		 | 0.0009570283		 | 1.00
 629		 | 0.0009493828		 | 1.01
 630		 | 0.0009536563		 | 1.00
 631		 | 0.0009427530		 | 1.01
 632		 | 0.0009436902		 | 1.00
 633		 | 0.0009329148		 | 1.01
 634		 | 0.0009386846		 | 0.99
 635		 | 0.0009299203		 | 1.01
 636		 | 0.0009182698		 | 1.01
 637		 | 0.0009178349		 | 1.00
 638		 | 0.0009019771		 | 1.02
 639		 | 0.0009096254		 | 0.99
 640		 | 0.0009035626		 | 1.01
 641		 | 0.0008897296		 | 1.02
 642		 | 0.0008831289		 | 1.01
 643		 | 0.0008927538		 | 0.99
 644		 | 0.0008855383		 | 1.01
 645		 | 0.0008834630		 | 1.00
 646		 | 0.0008738691		 | 1.01
 647		 | 0.0008642747		 | 1.01
 648		 | 0.0008666145		 | 1.00
 649		 | 0.0008713971		 | 0.99
 650		 | 0.0008552056		 | 1.02
 651		 | 0.0008515317		 | 1.00
 652		 | 0.0008532152		 | 1.00
 653		 | 0.0008451708		 | 1.01
 654		 | 0.0008452634		 | 1.00
 655		 | 0.0008456861		 | 1.00
 656		 | 0.0008313506		 | 1.02
 657		 | 0.0008318717		 | 1.00
 658		 | 0.0008316401		 | 1.00
 659		 | 0.0008192744		 | 1.02
 660		 | 0.0008141262		 | 1.01
 661		 | 0.0008065267		 | 1.01
 662		 | 0.0008116137		 | 0.99
 663		 | 0.0008081833		 | 1.00
 664		 | 0.0008216123		 | 0.98
 665		 | 0.0007978702		 | 1.03
 666		 | 0.0007860634		 | 1.02
 667		 | 0.0007964136		 | 0.99
 668		 | 0.0007792738		 | 1.02
 669		 | 0.0007895068		 | 0.99
 670		 | 0.0007880304		 | 1.00
 671		 | 0.0007763412		 | 1.02
 672		 | 0.0007768421		 | 1.00
 673		 | 0.0007848022		 | 0.99
 674		 | 0.0007599080		 | 1.03
 675		 | 0.0007568459		 | 1.00
 676		 | 0.0007566215		 | 1.00
 677		 | 0.0007552450		 | 1.00
 678		 | 0.0007585138		 | 1.00
 679		 | 0.0007537740		 | 1.01
 680		 | 0.0007364025		 | 1.02
 681		 | 0.0007374207		 | 1.00
 682		 | 0.0007450220		 | 0.99
 683		 | 0.0007351812		 | 1.01
 684		 | 0.0007348587		 | 1.00
 685		 | 0.0007311356		 | 1.01
 686		 | 0.0007211770		 | 1.01
 687		 | 0.0007208940		 | 1.00
 688		 | 0.0007177848		 | 1.00
 689		 | 0.0007177097		 | 1.00
 690		 | 0.0007291452		 | 0.98
 691		 | 0.0007232030		 | 1.01
 692		 | 0.0007145368		 | 1.01
 693		 | 0.0007075296		 | 1.01
 694		 | 0.0006992719		 | 1.01
 695		 | 0.0006927175		 | 1.01
 696		 | 0.0006904686		 | 1.00
 697		 | 0.0007032325		 | 0.98
 698		 | 0.0006941318		 | 1.01
 699		 | 0.0006878036		 | 1.01
 700		 | 0.0007040597		 | 0.98
 701		 | 0.0006665552		 | 1.06
 702		 | 0.0006669235		 | 1.00
 703		 | 0.0006780457		 | 0.98
 704		 | 0.0006739571		 | 1.01
 705		 | 0.0006699135		 | 1.01
 706		 | 0.0006754995		 | 0.99
 707		 | 0.0006576754		 | 1.03
 708		 | 0.0006686325		 | 0.98
 709		 | 0.0006646371		 | 1.01
 710		 | 0.0006508510		 | 1.02
 711		 | 0.0006551729		 | 0.99
 712		 | 0.0006571419		 | 1.00
 713		 | 0.0006581770		 | 1.00
 714		 | 0.0006376377		 | 1.03
 715		 | 0.0006484704		 | 0.98
 716		 | 0.0006367034		 | 1.02
 717		 | 0.0006469593		 | 0.98
 718		 | 0.0006396166		 | 1.01
 719		 | 0.0006330014		 | 1.01
 720		 | 0.0006301726		 | 1.00
 721		 | 0.0006384605		 | 0.99
 722		 | 0.0006207726		 | 1.03
 723		 | 0.0006209995		 | 1.00
 724		 | 0.0006026830		 | 1.03
 725		 | 0.0006202874		 | 0.97
 726		 | 0.0006205951		 | 1.00
 727		 | 0.0006136669		 | 1.01
 728		 | 0.0006061116		 | 1.01
 729		 | 0.0006089419		 | 1.00
 730		 | 0.0006085842		 | 1.00
 731		 | 0.0006070139		 | 1.00
 732		 | 0.0005782662		 | 1.05
 733		 | 0.0006011463		 | 0.96
 734		 | 0.0005866471		 | 1.02
 735		 | 0.0006063236		 | 0.97
 736		 | 0.0005900995		 | 1.03
 737		 | 0.0005792000		 | 1.02
 738		 | 0.0005921190		 | 0.98
 739		 | 0.0005719284		 | 1.04
 740		 | 0.0005845383		 | 0.98
 741		 | 0.0005784190		 | 1.01
 742		 | 0.0005721253		 | 1.01
 743		 | 0.0005719532		 | 1.00
 744		 | 0.0005951429		 | 0.96
 745		 | 0.0005587318		 | 1.07
 746		 | 0.0005709499		 | 0.98
 747		 | 0.0005651713		 | 1.01
 748		 | 0.0005630870		 | 1.00
 749		 | 0.0005722085		 | 0.98
 750		 | 0.0005692428		 | 1.01
 751		 | 0.0005509536		 | 1.03
 752		 | 0.0005560072		 | 0.99
 753		 | 0.0005565060		 | 1.00
 754		 | 0.0005570592		 | 1.00
 755		 | 0.0005597590		 | 1.00
 756		 | 0.0005627051		 | 0.99
 757		 | 0.0005316644		 | 1.06
 758		 | 0.0005481036		 | 0.97
 759		 | 0.0005488761		 | 1.00
 760		 | 0.0005310079		 | 1.03
 761		 | 0.0005188479		 | 1.02
 762		 | 0.0005388020		 | 0.96
 763		 | 0.0005254795		 | 1.03
 764		 | 0.0005343035		 | 0.98
 765		 | 0.0005401423		 | 0.99
 766		 | 0.0005082246		 | 1.06
 767		 | 0.0005255442		 | 0.97
 768		 | 0.0005160871		 | 1.02
 769		 | 0.0005228246		 | 0.99
 770		 | 0.0004887973		 | 1.07
 771		 | 0.0005280254		 | 0.93
 772		 | 0.0005077001		 | 1.04
 773		 | 0.0005084107		 | 1.00
 774		 | 0.0005173335		 | 0.98
 775		 | 0.0004841159		 | 1.07
 776		 | 0.0005094993		 | 0.95
 777		 | 0.0005381446		 | 0.95
 778		 | 0.0004989054		 | 1.08
 779		 | 0.0004873977		 | 1.02
 780		 | 0.0005308805		 | 0.92
 781		 | 0.0004852124		 | 1.09
 782		 | 0.0005170772		 | 0.94
 783		 | 0.0004819304		 | 1.07
 784		 | 0.0004677893		 | 1.03
 785		 | 0.0004813743		 | 0.97
 786		 | 0.0005074579		 | 0.95
 787		 | 0.0004792471		 | 1.06
 788		 | 0.0004759101		 | 1.01
 789		 | 0.0005064600		 | 0.94
 790		 | 0.0004989210		 | 1.02
 791		 | 0.0004544043		 | 1.10
 792		 | 0.0004807699		 | 0.95
 793		 | 0.0004497379		 | 1.07
 794		 | 0.0004525243		 | 0.99
 795		 | 0.0004859346		 | 0.93
 796		 | 0.0004425853		 | 1.10
 797		 | 0.0004216882		 | 1.05
 798		 | 0.0004836593		 | 0.87
 799		 | 0.0004527796		 | 1.07
 800		 | 0.0004467164		 | 1.01
 801		 | 0.0004685481		 | 0.95
 802		 | 0.0004672608		 | 1.00
 803		 | 0.0004991437		 | 0.94
 804		 | 0.0004613222		 | 1.08
 805		 | 0.0003536485		 | 1.30
 806		 | 0.0001588733		 | 2.23
 807		 | 0.0004008874		 | 0.40
 808		 | 0.0003180551		 | 1.26
 809		 | 0.0004552832		 | 0.70
 810		 | 0.0004487836		 | 1.01
 811		 | 0.0004343298		 | 1.03
 812		 | 0.0004454318		 | 0.98
 813		 | 0.0004565782		 | 0.98
 814		 | 0.0004112351		 | 1.11
 815		 | 0.0003999145		 | 1.03
 816		 | 0.0004257866		 | 0.94
 817		 | 0.0004339935		 | 0.98
 818		 | 0.0004093990		 | 1.06
 819		 | 0.0003966475		 | 1.03
 820		 | 0.0004191856		 | 0.95
 821		 | 0.0004004898		 | 1.05
 822		 | 0.0004552590		 | 0.88
 823		 | 0.0004074384		 | 1.12
 824		 | 0.0004082978		 | 1.00
 825		 | 0.0004249783		 | 0.96
 826		 | 0.0004112336		 | 1.03
 827		 | 0.0003942186		 | 1.04
 828		 | 0.0003821622		 | 1.03
 829		 | 0.0003749821		 | 1.02
 830		 | 0.0004250145		 | 0.88
 831		 | 0.0004109839		 | 1.03
 832		 | 0.0003973923		 | 1.03
 833		 | 0.0003858255		 | 1.03
 834		 | 0.0003959317		 | 0.97
 835		 | 0.0003952563		 | 1.00
 836		 | 0.0003926354		 | 1.01
 837		 | 0.0003706792		 | 1.06
 838		 | 0.0003719685		 | 1.00
 839		 | 0.0003883778		 | 0.96
 840		 | 0.0003827131		 | 1.01
 841		 | 0.0003667919		 | 1.04
 842		 | 0.0003730225		 | 0.98
 843		 | 0.0003722842		 | 1.00
 844		 | 0.0003535359		 | 1.05
 845		 | 0.0003756132		 | 0.94
 846		 | 0.0003534841		 | 1.06
 847		 | 0.0003713858		 | 0.95
 848		 | 0.0003667049		 | 1.01
 849		 | 0.0003561900		 | 1.03
 850		 | 0.0003601752		 | 0.99
 851		 | 0.0003550582		 | 1.01
 852		 | 0.0003531911		 | 1.01
 853		 | 0.0003448492		 | 1.02
 854		 | 0.0003627356		 | 0.95
 855		 | 0.0003458619		 | 1.05
 856		 | 0.0003547592		 | 0.97
 857		 | 0.0003564966		 | 1.00
 858		 | 0.0003603664		 | 0.99
 859		 | 0.0003295130		 | 1.09
 860		 | 0.0003477510		 | 0.95
 861		 | 0.0003375088		 | 1.03
 862		 | 0.0003338019		 | 1.01
 863		 | 0.0003400797		 | 0.98
 864		 | 0.0003359290		 | 1.01
 865		 | 0.0003279884		 | 1.02
 866		 | 0.0003410325		 | 0.96
 867		 | 0.0003300212		 | 1.03
 868		 | 0.0003186834		 | 1.04
 869		 | 0.0003317908		 | 0.96
 870		 | 0.0003166740		 | 1.05
 871		 | 0.0003123164		 | 1.01
 872		 | 0.0003174873		 | 0.98
 873		 | 0.0003105551		 | 1.02
 874		 | 0.0003155754		 | 0.98
 875		 | 0.0003158350		 | 1.00
 876		 | 0.0003091515		 | 1.02
 877		 | 0.0003076506		 | 1.00
 878		 | 0.0003077474		 | 1.00
 879		 | 0.0002995483		 | 1.03
 880		 | 0.0002960110		 | 1.01
 881		 | 0.0003049504		 | 0.97
 882		 | 0.0002949344		 | 1.03
 883		 | 0.0002991750		 | 0.99
 884		 | 0.0002965090		 | 1.01
 885		 | 0.0002944077		 | 1.01
 886		 | 0.0002920939		 | 1.01
 887		 | 0.0002950314		 | 0.99
 888		 | 0.0002850903		 | 1.03
 889		 | 0.0002789157		 | 1.02
 890		 | 0.0002879714		 | 0.97
 891		 | 0.0002883037		 | 1.00
 892		 | 0.0002783952		 | 1.04
 893		 | 0.0002768819		 | 1.01
 894		 | 0.0002810674		 | 0.99
 895		 | 0.0002723827		 | 1.03
 896		 | 0.0002817224		 | 0.97
 897		 | 0.0002690707		 | 1.05
 898		 | 0.0002709530		 | 0.99
 899		 | 0.0002824290		 | 0.96
 900		 | 0.0002694674		 | 1.05
 901		 | 0.0002634789		 | 1.02
 902		 | 0.0002634928		 | 1.00
 903		 | 0.0002615009		 | 1.01
 904		 | 0.0002645751		 | 0.99
 905		 | 0.0002656420		 | 1.00
 906		 | 0.0002668313		 | 1.00
 907		 | 0.0002580021		 | 1.03
 908		 | 0.0002604839		 | 0.99
 909		 | 0.0002579239		 | 1.01
 910		 | 0.0002471436		 | 1.04
 911		 | 0.0002472744		 | 1.00
 912		 | 0.0002512166		 | 0.98
 913		 | 0.0002482410		 | 1.01
 914		 | 0.0002476807		 | 1.00
 915		 | 0.0002433607		 | 1.02
 916		 | 0.0002397858		 | 1.01
 917		 | 0.0002352912		 | 1.02
 918		 | 0.0002365185		 | 0.99
 919		 | 0.0002350285		 | 1.01
 920		 | 0.0002449980		 | 0.96
 921		 | 0.0002444536		 | 1.00
 922		 | 0.0002348298		 | 1.04
 923		 | 0.0002297517		 | 1.02
 924		 | 0.0002351141		 | 0.98
 925		 | 0.0002310165		 | 1.02
 926		 | 0.0002235862		 | 1.03
 927		 | 0.0002175791		 | 1.03
 928		 | 0.0002205128		 | 0.99
 929		 | 0.0002219042		 | 0.99
 930		 | 0.0002182496		 | 1.02
 931		 | 0.0002210969		 | 0.99
 932		 | 0.0002105534		 | 1.05
 933		 | 0.0002053523		 | 1.03
 934		 | 0.0002159035		 | 0.95
 935		 | 0.0002031853		 | 1.06
 936		 | 0.0002039829		 | 1.00
 937		 | 0.0002109589		 | 0.97
 938		 | 0.0002058667		 | 1.02
 939		 | 0.0002111515		 | 0.97
 940		 | 0.0002086554		 | 1.01
 941		 | 0.0001816488		 | 1.15
 942		 | 0.0001939929		 | 0.94
 943		 | 0.0002672834		 | 0.73
 944		 | 0.0002250660		 | 1.19
 945		 | 0.0001932882		 | 1.16
 946		 | 0.0001807828		 | 1.07
 947		 | 0.0001927436		 | 0.94
 948		 | 0.0001880968		 | 1.02
 949		 | 0.0001969314		 | 0.96
 950		 | 0.0001786149		 | 1.10
 951		 | 0.0001744158		 | 1.02
 952		 | 0.0001860225		 | 0.94
 953		 | 0.0001783140		 | 1.04
 954		 | 0.0001813454		 | 0.98
 955		 | 0.0001678832		 | 1.08
 956		 | 0.0001797000		 | 0.93
 957		 | 0.0001800832		 | 1.00
 958		 | 0.0001778610		 | 1.01
 959		 | 0.0001750914		 | 1.02
 960		 | 0.0001660562		 | 1.05
 961		 | 0.0001685354		 | 0.99
 962		 | 0.0001716198		 | 0.98
 963		 | 0.0001676346		 | 1.02
 964		 | 0.0001751543		 | 0.96
 965		 | 0.0001687693		 | 1.04
 966		 | 0.0001628090		 | 1.04
 967		 | 0.0001636070		 | 1.00
 968		 | 0.0001598874		 | 1.02
 969		 | 0.0001542799		 | 1.04
 970		 | 0.0001513307		 | 1.02
 971		 | 0.0001548787		 | 0.98
 972		 | 0.0001619567		 | 0.96
 973		 | 0.0001516671		 | 1.07
 974		 | 0.0001538902		 | 0.99
 975		 | 0.0001443512		 | 1.07
 976		 | 0.0001491738		 | 0.97
 977		 | 0.0001551086		 | 0.96
 978		 | 0.0001490280		 | 1.04
 979		 | 0.0001435215		 | 1.04
 980		 | 0.0001532454		 | 0.94
 981		 | 0.0001441061		 | 1.06
 982		 | 0.0001428172		 | 1.01
 983		 | 0.0001327788		 | 1.08
 984		 | 0.0001323445		 | 1.00
 985		 | 0.0001357785		 | 0.97
 986		 | 0.0001377856		 | 0.99
 987		 | 0.0001392478		 | 0.99
 988		 | 0.0001235806		 | 1.13
 989		 | 0.0001307855		 | 0.94
 990		 | 0.0001274161		 | 1.03
 991		 | 0.0001245907		 | 1.02
 992		 | 0.0001195932		 | 1.04
 993		 | 0.0001115512		 | 1.07
 994		 | 0.0001167551		 | 0.96
 995		 | 0.0001301004		 | 0.90
 996		 | 0.0001185368		 | 1.10
 997		 | 0.0001124161		 | 1.05
 998		 | 0.0001109322		 | 1.01
 999		 | 0.0001115056		 | 0.99
1000		 | 0.0001107537		 | 1.01