Resize Kernel: Bicubic b 0.33 c 0.33
Native resolution(s) (best guess): 720p
Please check the graph manually for more accurate results

Raw data:
Resolution	 | Relative Error	 | Relative difference from last
 500		 | 0.0007456877		 | 0.00
 501		 | 0.0007489588		 | 1.00
 502		 | 0.0007295732		 | 1.03
 503		 | 0.0007405851		 | 0.99
 504		 | 0.0007285403		 | 1.02
 505		 | 0.0007200249		 | 1.01
 506		 | 0.0007056113		 | 1.02
 507		 | 0.0007064967		 | 1.00
 508		 | 0.0007015140		 | 1.01
 509		 | 0.0006935947		 | 1.01
 510		 | 0.0006933479		 | 1.00
 511		 | 0.0006788506		 | 1.02
 512		 | 0.0006892184		 | 0.98
 513		 | 0.0006646971		 | 1.04
 514		 | 0.0006613471		 | 1.01
 515		 | 0.0006508187		 | 1.02
 516		 | 0.0006412549		 | 1.01
 517		 | 0.0006460173		 | 0.99
 518		 | 0.0006343362		 | 1.02
 519		 | 0.0006414850		 | 0.99
 520		 | 0.0006219402		 | 1.03
 521		 | 0.0006234194		 | 1.00
 522		 | 0.0006094121		 | 1.02
 523		 | 0.0006126138		 | 0.99
 524		 | 0.0006069399		 | 1.01
 525		 | 0.0006012268		 | 1.01
 526		 | 0.0006060709		 | 0.99
 527		 | 0.0005868859		 | 1.03
 528		 | 0.0005848262		 | 1.00
 529		 | 0.0005763732		 | 1.01
 530		 | 0.0005732593		 | 1.01
 531		 | 0.0005720588		 | 1.00
 532		 | 0.0005675074		 | 1.01
 533		 | 0.0005653146		 | 1.00
 534		 | 0.0005641599		 | 1.00
 535		 | 0.0005444728		 | 1.04
 536		 | 0.0005430328		 | 1.00
 537		 | 0.0005351696		 | 1.01
 538		 | 0.0005223477		 | 1.02
 539		 | 0.0005375234		 | 0.97
 540		 | 0.0005413686		 | 0.99
 541		 | 0.0005178212		 | 1.05
 542		 | 0.0005118291		 | 1.01
 543		 | 0.0005062834		 | 1.01
 544		 | 0.0005004476		 | 1.01
 545		 | 0.0005105449		 | 0.98
 546		 | 0.0004946476		 | 1.03
 547		 | 0.0005113631		 | 0.97
 548		 | 0.0004819031		 | 1.06
 549		 | 0.0004824712		 | 1.00
 550		 | 0.0004709874		 | 1.02
 551		 | 0.0004763622		 | 0.99
 552		 | 0.0004764908		 | 1.00
 553		 | 0.0004656734		 | 1.02
 554		 | 0.0004711570		 | 0.99
 555		 | 0.0004607066		 | 1.02
 556		 | 0.0004561723		 | 1.01
 557		 | 0.0004436768		 | 1.03
 558		 | 0.0004493644		 | 0.99
 559		 | 0.0004413917		 | 1.02
 560		 | 0.0004505145		 | 0.98
 561		 | 0.0004486770		 | 1.00
 562		 | 0.0004351975		 | 1.03
 563		 | 0.0004349977		 | 1.00
 564		 | 0.0004187682		 | 1.04
 565		 | 0.0004312394		 | 0.97
 566		 | 0.0004139244		 | 1.04
 567		 | 0.0004211263		 | 0.98
 568		 | 0.0004078280		 | 1.03
 569		 | 0.0004133521		 | 0.99
 570		 | 0.0004098643		 | 1.01
 571		 | 0.0003917037		 | 1.05
 572		 | 0.0003975640		 | 0.99
 573		 | 0.0003876894		 | 1.03
 574		 | 0.0003945932		 | 0.98
 575		 | 0.0003908188		 | 1.01
 576		 | 0.0003836261		 | 1.02
 577		 | 0.0003791478		 | 1.01
 578		 | 0.0003765062		 | 1.01
 579		 | 0.0003749041		 | 1.00
 580		 | 0.0003660409		 | 1.02
 581		 | 0.0003823526		 | 0.96
 582		 | 0.0003638223		 | 1.05
 583		 | 0.0003999066		 | 0.91
 584		 | 0.0003504226		 | 1.14
 585		 | 0.0003611717		 | 0.97
 586		 | 0.0003493863		 | 1.03
 587		 | 0.0003518788		 | 0.99
 588		 | 0.0003519682		 | 1.00
 589		 | 0.0003517310		 | 1.00
 590		 | 0.0003572636		 | 0.98
 591		 | 0.0003337662		 | 1.07
 592		 | 0.0003489104		 | 0.96
 593		 | 0.0003263464		 | 1.07
 594		 | 0.0003412404		 | 0.96
 595		 | 0.0003258366		 | 1.05
 596		 | 0.0003386099		 | 0.96
 597		 | 0.0003340706		 | 1.01
 598		 | 0.0003251119		 | 1.03
 599		 | 0.0003193706		 | 1.02
 600		 | 0.0003226673		 | 0.99
 601		 | 0.0003163782		 | 1.02
 602		 | 0.0003210024		 | 0.99
 603		 | 0.0003187866		 | 1.01
 604		 | 0.0003157187		 | 1.01
 605		 | 0.0003151839		 | 1.00
 606		 | 0.0003120524		 | 1.01
 607		 | 0.0003023021		 | 1.03
 608		 | 0.0003075504		 | 0.98
 609		 | 0.0002965523		 | 1.04
 610		 | 0.0003054509		 | 0.97
 611		 | 0.0002886525		 | 1.06
 612		 | 0.0002923123		 | 0.99
 613		 | 0.0002888432		 | 1.01
 614		 | 0.0002875244		 | 1.00
 615		 | 0.0002855260		 | 1.01
 616		 | 0.0002893548		 | 0.99
 617		 | 0.0002838018		 | 1.02
 618		 | 0.0002884617		 | 0.98
 619		 | 0.0002801142		 | 1.03
 620		 | 0.0002754362		 | 1.02
 621		 | 0.0002808267		 | 0.98
 622		 | 0.0002723885		 | 1.03
 623		 | 0.0002779882		 | 0.98
 624		 | 0.0002789780		 | 1.00
 625		 | 0.0002693500		 | 1.04
 626		 | 0.0002752751		 | 0.98
 627		 | 0.0002559569		 | 1.08
 628		 | 0.0002708683		 | 0.94
 629		 | 0.0002567083		 | 1.06
 630		 | 0.0002633996		 | 0.97
 631		 | 0.0002610154		 | 1.01
 632		 | 0.0002602264		 | 1.00
 633		 | 0.0002530984		 | 1.03
 634		 | 0.0002566608		 | 0.99
 635		 | 0.0002483511		 | 1.03
 636		 | 0.0002535939		 | 0.98
 637		 | 0.0002456658		 | 1.03
 638		 | 0.0002494549		 | 0.98
 639		 | 0.0002462674		 | 1.01
 640		 | 0.0002395877		 | 1.03
 641		 | 0.0002484381		 | 0.96
 642		 | 0.0002482332		 | 1.00
 643		 | 0.0002370114		 | 1.05
 644		 | 0.0002401615		 | 0.99
 645		 | 0.0002395520		 | 1.00
 646		 | 0.0002400818		 | 1.00
 647		 | 0.0002354372		 | 1.02
 648		 | 0.0002244746		 | 1.05
 649		 | 0.0002328789		 | 0.96
 650		 | 0.0002233377		 | 1.04
 651		 | 0.0002237673		 | 1.00
 652		 | 0.0002314379		 | 0.97
 653		 | 0.0002284831		 | 1.01
 654		 | 0.0002193891		 | 1.04
 655		 | 0.0002203044		 | 1.00
 656		 | 0.0002263407		 | 0.97
 657		 | 0.0002153917		 | 1.05
 658		 | 0.0002286019		 | 0.94
 659		 | 0.0002185860		 | 1.05
 660		 | 0.0002218449		 | 0.99
 661		 | 0.0002140740		 | 1.04
 662		 | 0.0002092029		 | 1.02
 663		 | 0.0002115229		 | 0.99
 664		 | 0.0002085823		 | 1.01
 665		 | 0.0002040944		 | 1.02
 666		 | 0.0002186936		 | 0.93
 667		 | 0.0001936415		 | 1.13
 668		 | 0.0002065962		 | 0.94
 669		 | 0.0002046323		 | 1.01
 670		 | 0.0001971285		 | 1.04
 671		 | 0.0001965594		 | 1.00
 672		 | 0.0002052939		 | 0.96
 673		 | 0.0001962677		 | 1.05
 674		 | 0.0002056840		 | 0.95
 675		 | 0.0001892673		 | 1.09
 676		 | 0.0002004526		 | 0.94
 677		 | 0.0001872745		 | 1.07
 678		 | 0.0001903018		 | 0.98
 679		 | 0.0001885063		 | 1.01
 680		 | 0.0002000265		 | 0.94
 681		 | 0.0001856349		 | 1.08
 682		 | 0.0001946718		 | 0.95
 683		 | 0.0001792253		 | 1.09
 684		 | 0.0001850015		 | 0.97
 685		 | 0.0001801300		 | 1.03
 686		 | 0.0001778171		 | 1.01
 687		 | 0.0001840007		 | 0.97
 688		 | 0.0001800055		 | 1.02
 689		 | 0.0001898826		 | 0.95
 690		 | 0.0001734213		 | 1.09
 691		 | 0.0001812451		 | 0.96
 692		 | 0.0001818818		 | 1.00
 693		 | 0.0001716809		 | 1.06
 694		 | 0.0001855354		 | 0.93
 695		 | 0.0001740999		 | 1.07
 696		 | 0.0001676271		 | 1.04
 697		 | 0.0001726474		 | 0.97
 698		 | 0.0001734098		 | 1.00
 699		 | 0.0001621773		 | 1.07
 700		 | 0.0001713498		 | 0.95
 701		 | 0.0001812843		 | 0.95
 702		 | 0.0001609540		 | 1.13
 703		 | 0.0001763655		 | 0.91
 704		 | 0.0001529277		 | 1.15
 705		 | 0.0001598301		 | 0.96
 706		 | 0.0001658949		 | 0.96
 707		 | 0.0001567868		 | 1.06
 708		 | 0.0001658673		 | 0.95
 709		 | 0.0001628009		 | 1.02
 710		 | 0.0001652087		 | 0.99
 711		 | 0.0001592770		 | 1.04
 712		 | 0.0001641628		 | 0.97
 713		 | 0.0001582134		 | 1.04
 714		 | 0.0001609012		 | 0.98
 715		 | 0.0001550332		 | 1.04
 716		 | 0.0001703699		 | 0.91
 717		 | 0.0001776294		 | 0.96
 718		 | 0.0001085662		 | 1.64
 719		 | 0.0002081604		 | 0.52
 720		 | 0.0000024434		 | 85.19
 721		 | 0.0002081188		 | 0.01
 722		 | 0.0001018444		 | 2.04
 723		 | 0.0001259193		 | 0.81
 724		 | 0.0001721324		 | 0.73
 725		 | 0.0001560627		 | 1.10
 726		 | 0.0001390789		 | 1.12
 727		 | 0.0001482529		 | 0.94
 728		 | 0.0001504062		 | 0.99
 729		 | 0.0001418316		 | 1.06
 730		 | 0.0001474638		 | 0.96
 731		 | 0.0001405014		 | 1.05
 732		 | 0.0001498028		 | 0.94
 733		 | 0.0001262612		 | 1.19
 734		 | 0.0001424806		 | 0.89
 735		 | 0.0001379582		 | 1.03
 736		 | 0.0001256700		 | 1.10
 737		 | 0.0001463525		 | 0.86
 738		 | 0.0001279604		 | 1.14
 739		 | 0.0001452509		 | 0.88
 740		 | 0.0001334127		 | 1.09
 741		 | 0.0001397058		 | 0.95
 742		 | 0.0001232683		 | 1.13
 743		 | 0.0001347691		 | 0.91
 744		 | 0.0001287837		 | 1.05
 745		 | 0.0001337119		 | 0.96
 746		 | 0.0001351318		 | 0.99
 747		 | 0.0001267307		 | 1.07
 748		 | 0.0001333151		 | 0.95
 749		 | 0.0001310720		 | 1.02
 750		 | 0.0001344505		 | 0.97
 751		 | 0.0001184882		 | 1.13
 752		 | 0.0001336605		 | 0.89
 753		 | 0.0001210950		 | 1.10
 754		 | 0.0001218225		 | 0.99
 755		 | 0.0001191862		 | 1.02
 756		 | 0.0001230806		 | 0.97
 757		 | 0.0001194704		 | 1.03
 758		 | 0.0001236214		 | 0.97
 759		 | 0.0001263399		 | 0.98
 760		 | 0.0001140413		 | 1.11
 761		 | 0.0001284718		 | 0.89
 762		 | 0.0001130856		 | 1.14
 763		 | 0.0001200685		 | 0.94
 764		 | 0.0001183786		 | 1.01
 765		 | 0.0001189467		 | 1.00
 766		 | 0.0001208742		 | 0.98
 767		 | 0.0001134885		 | 1.07
 768		 | 0.0001140246		 | 1.00
 769		 | 0.0001162828		 | 0.98
 770		 | 0.0001078009		 | 1.08
 771		 | 0.0001120730		 | 0.96
 772		 | 0.0001117827		 | 1.00
 773		 | 0.0001107018		 | 1.01
 774		 | 0.0001147630		 | 0.96
 775		 | 0.0001108480		 | 1.04
 776		 | 0.0001060788		 | 1.04
 777		 | 0.0001051571		 | 1.01
 778		 | 0.0001128025		 | 0.93
 779		 | 0.0001039052		 | 1.09
 780		 | 0.0001094070		 | 0.95
 781		 | 0.0001067472		 | 1.02
 782		 | 0.0001146486		 | 0.93
 783		 | 0.0001025552		 | 1.12
 784		 | 0.0001126965		 | 0.91
 785		 | 0.0000997252		 | 1.13
 786		 | 0.0001027440		 | 0.97
 787		 | 0.0001038304		 | 0.99
 788		 | 0.0001063733		 | 0.98
 789		 | 0.0001001728		 | 1.06
 790		 | 0.0000969551		 | 1.03
 791		 | 0.0001053840		 | 0.92
 792		 | 0.0000935460		 | 1.13
 793		 | 0.0001036505		 | 0.90
 794		 | 0.0000940426		 | 1.10
 795		 | 0.0000928008		 | 1.01
 796		 | 0.0001003660		 | 0.92
 797		 | 0.0000998587		 | 1.01
 798		 | 0.0000976342		 | 1.02
 799		 | 0.0001015076		 | 0.96
 800		 | 0.0000968571		 | 1.05
 801		 | 0.0000946360		 | 1.02
 802		 | 0.0000953928		 | 0.99
 803		 | 0.0000918887		 | 1.04
 804		 | 0.0000927282		 | 0.99
 805		 | 0.0000937365		 | 0.99
 806		 | 0.0000892659		 | 1.05
 807		 | 0.0000894874		 | 1.00
 808		 | 0.0000947870		 | 0.94
 809		 | 0.0000913741		 | 1.04
 810		 | 0.0000875630		 | 1.04
 811		 | 0.0000881728		 | 0.99
 812		 | 0.0000906801		 | 0.97
 813		 | 0.0000886535		 | 1.02
 814		 | 0.0000859148		 | 1.03
 815		 | 0.0000870262		 | 0.99
 816		 | 0.0000890531		 | 0.98
 817		 | 0.0000848213		 | 1.05
 818		 | 0.0000898319		 | 0.94
 819		 | 0.0000824799		 | 1.09
 820		 | 0.0000888829		 | 0.93
 821		 | 0.0000834942		 | 1.06
 822		 | 0.0000829592		 | 1.01
 823		 | 0.0000835720		 | 0.99
 824		 | 0.0000826717		 | 1.01
 825		 | 0.0000807892		 | 1.02
 826		 | 0.0000793287		 | 1.02
 827		 | 0.0000815315		 | 0.97
 828		 | 0.0000771738		 | 1.06
 829		 | 0.0000802339		 | 0.96
 830		 | 0.0000794333		 | 1.01
 831		 | 0.0000802430		 | 0.99
 832		 | 0.0000737175		 | 1.09
 833		 | 0.0000823977		 | 0.89
 834		 | 0.0000797353		 | 1.03
 835		 | 0.0000779099		 | 1.02
 836		 | 0.0000774832		 | 1.01
 837		 | 0.0000746555		 | 1.04
 838		 | 0.0000777553		 | 0.96
 839		 | 0.0000738722		 | 1.05
 840		 | 0.0000726575		 | 1.02
 841		 | 0.0000784789		 | 0.93
 842		 | 0.0000739427		 | 1.06
 843		 | 0.0000735325		 | 1.01
 844		 | 0.0000753671		 | 0.98
 845		 | 0.0000681833		 | 1.11
 846		 | 0.0000749492		 | 0.91
 847		 | 0.0000715668		 | 1.05
 848		 | 0.0000740310		 | 0.97
 849		 | 0.0000726925		 | 1.02
 850		 | 0.0000693072		 | 1.05
 851		 | 0.0000719380		 | 0.96
 852		 | 0.0000680237		 | 1.06
 853		 | 0.0000658113		 | 1.03
 854		 | 0.0000673441		 | 0.98
 855		 | 0.0000678268		 | 0.99
 856		 | 0.0000643884		 | 1.05
 857		 | 0.0000812514		 | 0.79
 858		 | 0.0000730848		 | 1.11
 859		 | 0.0000680523		 | 1.07
 860		 | 0.0000660363		 | 1.03
 861		 | 0.0000634999		 | 1.04
 862		 | 0.0000610727		 | 1.04
 863		 | 0.0000668838		 | 0.91
 864		 | 0.0000641905		 | 1.04
 865		 | 0.0000642726		 | 1.00
 866		 | 0.0000622372		 | 1.03
 867		 | 0.0000627313		 | 0.99
 868		 | 0.0000597123		 | 1.05
 869		 | 0.0000653315		 | 0.91
 870		 | 0.0000602971		 | 1.08
 871		 | 0.0000635186		 | 0.95
 872		 | 0.0000619945		 | 1.02
 873		 | 0.0000601812		 | 1.03
 874		 | 0.0000591248		 | 1.02
 875		 | 0.0000616515		 | 0.96
 876		 | 0.0000585852		 | 1.05
 877		 | 0.0000598469		 | 0.98
 878		 | 0.0000572680		 | 1.05
 879		 | 0.0000582151		 | 0.98
 880		 | 0.0000566107		 | 1.03
 881		 | 0.0000569396		 | 0.99
 882		 | 0.0000570019		 | 1.00
 883		 | 0.0000569918		 | 1.00
 884		 | 0.0000566708		 | 1.01
 885		 | 0.0000542403		 | 1.04
 886		 | 0.0000511905		 | 1.06
 887		 | 0.0000548825		 | 0.93
 888		 | 0.0000556113		 | 0.99
 889		 | 0.0000534805		 | 1.04
 890		 | 0.0000535949		 | 1.00
 891		 | 0.0000562019		 | 0.95
 892		 | 0.0000545707		 | 1.03
 893		 | 0.0000545979		 | 1.00
 894		 | 0.0000521819		 | 1.05
 895		 | 0.0000494004		 | 1.06
 896		 | 0.0000522479		 | 0.95
 897		 | 0.0000507238		 | 1.03
 898		 | 0.0000459957		 | 1.10
 899		 | 0.0000592014		 | 0.78
 900		 | 0.0000706047		 | 0.84
 901		 | 0.0000597638		 | 1.18
 902		 | 0.0000428842		 | 1.39
 903		 | 0.0000444151		 | 0.97
 904		 | 0.0000495073		 | 0.90
 905		 | 0.0000467333		 | 1.06
 906		 | 0.0000442252		 | 1.06
 907		 | 0.0000488846		 | 0.90
 908		 | 0.0000472230		 | 1.04
 909		 | 0.0000498503		 | 0.95
 910		 | 0.0000457022		 | 1.09
 911		 | 0.0000447602		 | 1.02
 912		 | 0.0000451180		 | 0.99
 913		 | 0.0000460058		 | 0.98
 914		 | 0.0000437828		 | 1.05
 915		 | 0.0000423824		 | 1.03
 916		 | 0.0000418989		 | 1.01
 917		 | 0.0000457873		 | 0.92
 918		 | 0.0000408336		 | 1.12
 919		 | 0.0000445330		 | 0.92
 920		 | 0.0000386640		 | 1.15
 921		 | 0.0000360068		 | 1.07
 922		 | 0.0000424004		 | 0.85
 923		 | 0.0000380782		 | 1.11
 924		 | 0.0000399650		 | 0.95
 925		 | 0.0000425333		 | 0.94
 926		 | 0.0000406554		 | 1.05
 927		 | 0.0000408666		 | 0.99
 928		 | 0.0000416823		 | 0.98
 929		 | 0.0000401448		 | 1.04
 930		 | 0.0000407018		 | 0.99
 931		 | 0.0000358257		 | 1.14
 932		 | 0.0000414583		 | 0.86
 933		 | 0.0000359886		 | 1.15
 934		 | 0.0000379632		 | 0.95
 935		 | 0.0000369852		 | 1.03
 936		 | 0.0000363544		 | 1.02
 937		 | 0.0000374800		 | 0.97
 938		 | 0.0000340182		 | 1.10
 939		 | 0.0000329418		 | 1.03
 940		 | 0.0000330540		 | 1.00
 941		 | 0.0000401288		 | 0.82
 942		 | 0.0000295144		 | 1.36
 943		 | 0.0000465361		 | 0.63
 944		 | 0.0000291722		 | 1.60
 945		 | 0.0000345875		 | 0.84
 946		 | 0.0000328499		 | 1.05
 947		 | 0.0000309656		 | 1.06
 948		 | 0.0000326431		 | 0.95
 949		 | 0.0000307795		 | 1.06
 950		 | 0.0000374187		 | 0.82
 951		 | 0.0000289232		 | 1.29
 952		 | 0.0000339731		 | 0.85
 953		 | 0.0000296856		 | 1.14
 954		 | 0.0000329636		 | 0.90
 955		 | 0.0000272257		 | 1.21
 956		 | 0.0000320664		 | 0.85
 957		 | 0.0000289592		 | 1.11
 958		 | 0.0000278844		 | 1.04
 959		 | 0.0000301149		 | 0.93
 960		 | 0.0000293806		 | 1.02
 961		 | 0.0000263259		 | 1.12
 962		 | 0.0000280704		 | 0.94
 963		 | 0.0000264040		 | 1.06
 964		 | 0.0000283166		 | 0.93
 965		 | 0.0000265976		 | 1.06
 966		 | 0.0000272730		 | 0.98
 967		 | 0.0000273119		 | 1.00
 968		 | 0.0000289731		 | 0.94
 969		 | 0.0000238590		 | 1.21
 970		 | 0.0000268246		 | 0.89
 971		 | 0.0000251324		 | 1.07
 972		 | 0.0000234918		 | 1.07
 973		 | 0.0000249996		 | 0.94
 974		 | 0.0000208378		 | 1.20
 975		 | 0.0000201915		 | 1.03
 976		 | 0.0000236424		 | 0.85
 977		 | 0.0000227816		 | 1.04
 978		 | 0.0000235636		 | 0.97
 979		 | 0.0000221822		 | 1.06
 980		 | 0.0000233215		 | 0.95
 981		 | 0.0000196081		 | 1.19
 982		 | 0.0000238998		 | 0.82
 983		 | 0.0000213633		 | 1.12
 984		 | 0.0000216930		 | 0.98
 985		 | 0.0000217641		 | 1.00
 986		 | 0.0000226095		 | 0.96
 987		 | 0.0000156218		 | 1.45
 988		 | 0.0000197252		 | 0.79
 989		 | 0.0000180600		 | 1.09
 990		 | 0.0000238902		 | 0.76
 991		 | 0.0000177907		 | 1.34
 992		 | 0.0000197695		 | 0.90
 993		 | 0.0000182134		 | 1.09
 994		 | 0.0000173792		 | 1.05
 995		 | 0.0000178096		 | 0.98
 996		 | 0.0000174664		 | 1.02
 997		 | 0.0000173564		 | 1.01
 998		 | 0.0000162494		 | 1.07
 999		 | 0.0000186205		 | 0.87
1000		 | 0.0000166281		 | 1.12