Resize Kernel: Bicubic b 0.33 c 0.33
Native resolution(s) (best guess): 844p, 960p, 997p
Please check the graph manually for more accurate results

Raw data:
Resolution	 | Relative Error	 | Relative difference from last
 500		 | 0.0007966307		 | 0.00
 501		 | 0.0007975066		 | 1.00
 502		 | 0.0008000956		 | 1.00
 503		 | 0.0007507012		 | 1.07
 504		 | 0.0007690286		 | 0.98
 505		 | 0.0007421265		 | 1.04
 506		 | 0.0007620127		 | 0.97
 507		 | 0.0007545465		 | 1.01
 508		 | 0.0007459126		 | 1.01
 509		 | 0.0007728789		 | 0.97
 510		 | 0.0007281497		 | 1.06
 511		 | 0.0007200071		 | 1.01
 512		 | 0.0007071378		 | 1.02
 513		 | 0.0007179008		 | 0.99
 514		 | 0.0006983261		 | 1.03
 515		 | 0.0006849240		 | 1.02
 516		 | 0.0006785347		 | 1.01
 517		 | 0.0006455435		 | 1.05
 518		 | 0.0006609971		 | 0.98
 519		 | 0.0006532626		 | 1.01
 520		 | 0.0006476437		 | 1.01
 521		 | 0.0006179779		 | 1.05
 522		 | 0.0006286046		 | 0.98
 523		 | 0.0006246961		 | 1.01
 524		 | 0.0005660628		 | 1.10
 525		 | 0.0005779640		 | 0.98
 526		 | 0.0005868430		 | 0.98
 527		 | 0.0006056545		 | 0.97
 528		 | 0.0005771053		 | 1.05
 529		 | 0.0006180718		 | 0.93
 530		 | 0.0005477527		 | 1.13
 531		 | 0.0005750531		 | 0.95
 532		 | 0.0005791169		 | 0.99
 533		 | 0.0005671435		 | 1.02
 534		 | 0.0005591007		 | 1.01
 535		 | 0.0005453044		 | 1.03
 536		 | 0.0005358258		 | 1.02
 537		 | 0.0005367636		 | 1.00
 538		 | 0.0005225199		 | 1.03
 539		 | 0.0005150116		 | 1.01
 540		 | 0.0005114430		 | 1.01
 541		 | 0.0005422164		 | 0.94
 542		 | 0.0004836985		 | 1.12
 543		 | 0.0004869710		 | 0.99
 544		 | 0.0004855203		 | 1.00
 545		 | 0.0004659687		 | 1.04
 546		 | 0.0004872243		 | 0.96
 547		 | 0.0004856954		 | 1.00
 548		 | 0.0004373131		 | 1.11
 549		 | 0.0004553322		 | 0.96
 550		 | 0.0004594442		 | 0.99
 551		 | 0.0004406281		 | 1.04
 552		 | 0.0004411903		 | 1.00
 553		 | 0.0004403003		 | 1.00
 554		 | 0.0004260986		 | 1.03
 555		 | 0.0004125361		 | 1.03
 556		 | 0.0004234189		 | 0.97
 557		 | 0.0004164524		 | 1.02
 558		 | 0.0004068340		 | 1.02
 559		 | 0.0003898520		 | 1.04
 560		 | 0.0003967996		 | 0.98
 561		 | 0.0003938054		 | 1.01
 562		 | 0.0004018187		 | 0.98
 563		 | 0.0003815825		 | 1.05
 564		 | 0.0003983337		 | 0.96
 565		 | 0.0003705281		 | 1.08
 566		 | 0.0003856208		 | 0.96
 567		 | 0.0003696125		 | 1.04
 568		 | 0.0003664596		 | 1.01
 569		 | 0.0003626648		 | 1.01
 570		 | 0.0003574197		 | 1.01
 571		 | 0.0003609643		 | 0.99
 572		 | 0.0003431397		 | 1.05
 573		 | 0.0003411045		 | 1.01
 574		 | 0.0003346466		 | 1.02
 575		 | 0.0003381335		 | 0.99
 576		 | 0.0003230162		 | 1.05
 577		 | 0.0003346591		 | 0.97
 578		 | 0.0003193085		 | 1.05
 579		 | 0.0003080465		 | 1.04
 580		 | 0.0003059889		 | 1.01
 581		 | 0.0003206225		 | 0.95
 582		 | 0.0002948779		 | 1.09
 583		 | 0.0003061776		 | 0.96
 584		 | 0.0003096362		 | 0.99
 585		 | 0.0003034144		 | 1.02
 586		 | 0.0002914267		 | 1.04
 587		 | 0.0002923098		 | 1.00
 588		 | 0.0002935500		 | 1.00
 589		 | 0.0002927142		 | 1.00
 590		 | 0.0002894256		 | 1.01
 591		 | 0.0002769832		 | 1.04
 592		 | 0.0002679685		 | 1.03
 593		 | 0.0002788830		 | 0.96
 594		 | 0.0002494608		 | 1.12
 595		 | 0.0002809270		 | 0.89
 596		 | 0.0002452124		 | 1.15
 597		 | 0.0002432105		 | 1.01
 598		 | 0.0002636711		 | 0.92
 599		 | 0.0002496497		 | 1.06
 600		 | 0.0002456467		 | 1.02
 601		 | 0.0002426765		 | 1.01
 602		 | 0.0002418782		 | 1.00
 603		 | 0.0002347180		 | 1.03
 604		 | 0.0002486635		 | 0.94
 605		 | 0.0002300893		 | 1.08
 606		 | 0.0002298985		 | 1.00
 607		 | 0.0002305885		 | 1.00
 608		 | 0.0002366615		 | 0.97
 609		 | 0.0002286934		 | 1.03
 610		 | 0.0002282051		 | 1.00
 611		 | 0.0002226371		 | 1.03
 612		 | 0.0002089487		 | 1.07
 613		 | 0.0002154702		 | 0.97
 614		 | 0.0002006877		 | 1.07
 615		 | 0.0002038853		 | 0.98
 616		 | 0.0002032651		 | 1.00
 617		 | 0.0001935527		 | 1.05
 618		 | 0.0001996409		 | 0.97
 619		 | 0.0002024665		 | 0.99
 620		 | 0.0001969404		 | 1.03
 621		 | 0.0001854782		 | 1.06
 622		 | 0.0001994555		 | 0.93
 623		 | 0.0001904155		 | 1.05
 624		 | 0.0001861581		 | 1.02
 625		 | 0.0001856121		 | 1.00
 626		 | 0.0001926058		 | 0.96
 627		 | 0.0001783782		 | 1.08
 628		 | 0.0001869491		 | 0.95
 629		 | 0.0001783374		 | 1.05
 630		 | 0.0001794451		 | 0.99
 631		 | 0.0001686252		 | 1.06
 632		 | 0.0001810320		 | 0.93
 633		 | 0.0001730627		 | 1.05
 634		 | 0.0001621593		 | 1.07
 635		 | 0.0001702191		 | 0.95
 636		 | 0.0001543251		 | 1.10
 637		 | 0.0001650874		 | 0.93
 638		 | 0.0001506418		 | 1.10
 639		 | 0.0001538471		 | 0.98
 640		 | 0.0001510263		 | 1.02
 641		 | 0.0001507377		 | 1.00
 642		 | 0.0001473295		 | 1.02
 643		 | 0.0001487779		 | 0.99
 644		 | 0.0001503553		 | 0.99
 645		 | 0.0001520308		 | 0.99
 646		 | 0.0001523462		 | 1.00
 647		 | 0.0001507429		 | 1.01
 648		 | 0.0001489029		 | 1.01
 649		 | 0.0001449149		 | 1.03
 650		 | 0.0001407290		 | 1.03
 651		 | 0.0001356704		 | 1.04
 652		 | 0.0001378407		 | 0.98
 653		 | 0.0001404246		 | 0.98
 654		 | 0.0001262531		 | 1.11
 655		 | 0.0001296505		 | 0.97
 656		 | 0.0001301705		 | 1.00
 657		 | 0.0001278032		 | 1.02
 658		 | 0.0001224312		 | 1.04
 659		 | 0.0001246766		 | 0.98
 660		 | 0.0001227811		 | 1.02
 661		 | 0.0001219858		 | 1.01
 662		 | 0.0001188281		 | 1.03
 663		 | 0.0001175841		 | 1.01
 664		 | 0.0001189316		 | 0.99
 665		 | 0.0001162132		 | 1.02
 666		 | 0.0001178320		 | 0.99
 667		 | 0.0001181985		 | 1.00
 668		 | 0.0001103189		 | 1.07
 669		 | 0.0001168871		 | 0.94
 670		 | 0.0001138474		 | 1.03
 671		 | 0.0001008045		 | 1.13
 672		 | 0.0001159104		 | 0.87
 673		 | 0.0001026872		 | 1.13
 674		 | 0.0001099430		 | 0.93
 675		 | 0.0001036675		 | 1.06
 676		 | 0.0001001179		 | 1.04
 677		 | 0.0001004182		 | 1.00
 678		 | 0.0001049503		 | 0.96
 679		 | 0.0000989869		 | 1.06
 680		 | 0.0001011562		 | 0.98
 681		 | 0.0000982725		 | 1.03
 682		 | 0.0000957424		 | 1.03
 683		 | 0.0000981264		 | 0.98
 684		 | 0.0000983702		 | 1.00
 685		 | 0.0000957608		 | 1.03
 686		 | 0.0000954611		 | 1.00
 687		 | 0.0000941281		 | 1.01
 688		 | 0.0000868572		 | 1.08
 689		 | 0.0000901211		 | 0.96
 690		 | 0.0000869206		 | 1.04
 691		 | 0.0000813970		 | 1.07
 692		 | 0.0000872663		 | 0.93
 693		 | 0.0000826666		 | 1.06
 694		 | 0.0000814413		 | 1.02
 695		 | 0.0000837452		 | 0.97
 696		 | 0.0000859042		 | 0.97
 697		 | 0.0000783332		 | 1.10
 698		 | 0.0000806402		 | 0.97
 699		 | 0.0000825697		 | 0.98
 700		 | 0.0000760247		 | 1.09
 701		 | 0.0000799046		 | 0.95
 702		 | 0.0000769744		 | 1.04
 703		 | 0.0000780655		 | 0.99
 704		 | 0.0000798589		 | 0.98
 705		 | 0.0000772433		 | 1.03
 706		 | 0.0000730110		 | 1.06
 707		 | 0.0000756960		 | 0.96
 708		 | 0.0000692342		 | 1.09
 709		 | 0.0000757664		 | 0.91
 710		 | 0.0000707700		 | 1.07
 711		 | 0.0000678074		 | 1.04
 712		 | 0.0000708174		 | 0.96
 713		 | 0.0000664483		 | 1.07
 714		 | 0.0000678184		 | 0.98
 715		 | 0.0000674318		 | 1.01
 716		 | 0.0000643869		 | 1.05
 717		 | 0.0000618288		 | 1.04
 718		 | 0.0000648238		 | 0.95
 719		 | 0.0000609898		 | 1.06
 720		 | 0.0000619612		 | 0.98
 721		 | 0.0000646661		 | 0.96
 722		 | 0.0000611672		 | 1.06
 723		 | 0.0000625136		 | 0.98
 724		 | 0.0000628502		 | 0.99
 725		 | 0.0000599445		 | 1.05
 726		 | 0.0000610256		 | 0.98
 727		 | 0.0000592762		 | 1.03
 728		 | 0.0000578961		 | 1.02
 729		 | 0.0000577745		 | 1.00
 730		 | 0.0000575340		 | 1.00
 731		 | 0.0000562262		 | 1.02
 732		 | 0.0000527844		 | 1.07
 733		 | 0.0000571697		 | 0.92
 734		 | 0.0000538741		 | 1.06
 735		 | 0.0000519321		 | 1.04
 736		 | 0.0000562584		 | 0.92
 737		 | 0.0000492911		 | 1.14
 738		 | 0.0000514283		 | 0.96
 739		 | 0.0000535710		 | 0.96
 740		 | 0.0000515750		 | 1.04
 741		 | 0.0000488971		 | 1.05
 742		 | 0.0000492122		 | 0.99
 743		 | 0.0000472607		 | 1.04
 744		 | 0.0000477854		 | 0.99
 745		 | 0.0000468902		 | 1.02
 746		 | 0.0000475620		 | 0.99
 747		 | 0.0000434240		 | 1.10
 748		 | 0.0000429909		 | 1.01
 749		 | 0.0000495061		 | 0.87
 750		 | 0.0000471623		 | 1.05
 751		 | 0.0000448225		 | 1.05
 752		 | 0.0000454693		 | 0.99
 753		 | 0.0000411465		 | 1.11
 754		 | 0.0000403022		 | 1.02
 755		 | 0.0000448007		 | 0.90
 756		 | 0.0000414427		 | 1.08
 757		 | 0.0000419816		 | 0.99
 758		 | 0.0000421283		 | 1.00
 759		 | 0.0000399315		 | 1.06
 760		 | 0.0000438325		 | 0.91
 761		 | 0.0000409277		 | 1.07
 762		 | 0.0000423511		 | 0.97
 763		 | 0.0000417396		 | 1.01
 764		 | 0.0000349103		 | 1.20
 765		 | 0.0000398865		 | 0.88
 766		 | 0.0000377845		 | 1.06
 767		 | 0.0000350841		 | 1.08
 768		 | 0.0000371657		 | 0.94
 769		 | 0.0000369290		 | 1.01
 770		 | 0.0000330635		 | 1.12
 771		 | 0.0000375997		 | 0.88
 772		 | 0.0000362155		 | 1.04
 773		 | 0.0000338061		 | 1.07
 774		 | 0.0000360343		 | 0.94
 775		 | 0.0000335072		 | 1.08
 776		 | 0.0000325220		 | 1.03
 777		 | 0.0000370341		 | 0.88
 778		 | 0.0000312158		 | 1.19
 779		 | 0.0000324393		 | 0.96
 780		 | 0.0000357874		 | 0.91
 781		 | 0.0000308248		 | 1.16
 782		 | 0.0000341262		 | 0.90
 783		 | 0.0000325857		 | 1.05
 784		 | 0.0000306622		 | 1.06
 785		 | 0.0000297563		 | 1.03
 786		 | 0.0000324242		 | 0.92
 787		 | 0.0000306449		 | 1.06
 788		 | 0.0000259545		 | 1.18
 789		 | 0.0000312315		 | 0.83
 790		 | 0.0000271173		 | 1.15
 791		 | 0.0000279426		 | 0.97
 792		 | 0.0000289703		 | 0.96
 793		 | 0.0000257883		 | 1.12
 794		 | 0.0000251001		 | 1.03
 795		 | 0.0000281992		 | 0.89
 796		 | 0.0000270381		 | 1.04
 797		 | 0.0000251769		 | 1.07
 798		 | 0.0000269699		 | 0.93
 799		 | 0.0000269757		 | 1.00
 800		 | 0.0000261880		 | 1.03
 801		 | 0.0000255542		 | 1.02
 802		 | 0.0000275196		 | 0.93
 803		 | 0.0000257372		 | 1.07
 804		 | 0.0000254053		 | 1.01
 805		 | 0.0000230678		 | 1.10
 806		 | 0.0000250012		 | 0.92
 807		 | 0.0000215293		 | 1.16
 808		 | 0.0000243914		 | 0.88
 809		 | 0.0000230242		 | 1.06
 810		 | 0.0000197824		 | 1.16
 811		 | 0.0000245300		 | 0.81
 812		 | 0.0000215697		 | 1.14
 813		 | 0.0000245297		 | 0.88
 814		 | 0.0000208971		 | 1.17
 815		 | 0.0000210932		 | 0.99
 816		 | 0.0000223353		 | 0.94
 817		 | 0.0000206202		 | 1.08
 818		 | 0.0000206106		 | 1.00
 819		 | 0.0000215336		 | 0.96
 820		 | 0.0000180968		 | 1.19
 821		 | 0.0000209168		 | 0.87
 822		 | 0.0000185643		 | 1.13
 823		 | 0.0000197096		 | 0.94
 824		 | 0.0000201962		 | 0.98
 825		 | 0.0000192787		 | 1.05
 826		 | 0.0000207620		 | 0.93
 827		 | 0.0000175089		 | 1.19
 828		 | 0.0000184453		 | 0.95
 829		 | 0.0000192543		 | 0.96
 830		 | 0.0000172597		 | 1.12
 831		 | 0.0000177962		 | 0.97
 832		 | 0.0000166149		 | 1.07
 833		 | 0.0000160868		 | 1.03
 834		 | 0.0000185562		 | 0.87
 835		 | 0.0000182632		 | 1.02
 836		 | 0.0000154916		 | 1.18
 837		 | 0.0000219295		 | 0.71
 838		 | 0.0000155126		 | 1.41
 839		 | 0.0000153802		 | 1.01
 840		 | 0.0000215486		 | 0.71
 841		 | 0.0000096840		 | 2.23
 842		 | 0.0000129876		 | 0.75
 843		 | 0.0000193846		 | 0.67
 844		 | 0.0000042182		 | 4.60
 845		 | 0.0000161840		 | 0.26
 846		 | 0.0000147734		 | 1.10
 847		 | 0.0000069237		 | 2.13
 848		 | 0.0000192061		 | 0.36
 849		 | 0.0000125892		 | 1.53
 850		 | 0.0000120782		 | 1.04
 851		 | 0.0000161264		 | 0.75
 852		 | 0.0000132211		 | 1.22
 853		 | 0.0000131792		 | 1.00
 854		 | 0.0000145623		 | 0.91
 855		 | 0.0000119241		 | 1.22
 856		 | 0.0000137139		 | 0.87
 857		 | 0.0000132264		 | 1.04
 858		 | 0.0000114092		 | 1.16
 859		 | 0.0000162721		 | 0.70
 860		 | 0.0000112087		 | 1.45
 861		 | 0.0000121108		 | 0.93
 862		 | 0.0000151789		 | 0.80
 863		 | 0.0000093107		 | 1.63
 864		 | 0.0000118257		 | 0.79
 865		 | 0.0000123232		 | 0.96
 866		 | 0.0000087833		 | 1.40
 867		 | 0.0000120145		 | 0.73
 868		 | 0.0000097739		 | 1.23
 869		 | 0.0000113415		 | 0.86
 870		 | 0.0000105448		 | 1.08
 871		 | 0.0000087725		 | 1.20
 872		 | 0.0000106657		 | 0.82
 873		 | 0.0000094194		 | 1.13
 874		 | 0.0000095034		 | 0.99
 875		 | 0.0000099782		 | 0.95
 876		 | 0.0000084019		 | 1.19
 877		 | 0.0000091285		 | 0.92
 878		 | 0.0000085339		 | 1.07
 879		 | 0.0000087086		 | 0.98
 880		 | 0.0000084720		 | 1.03
 881		 | 0.0000087274		 | 0.97
 882		 | 0.0000096943		 | 0.90
 883		 | 0.0000085455		 | 1.13
 884		 | 0.0000086540		 | 0.99
 885		 | 0.0000086955		 | 1.00
 886		 | 0.0000100220		 | 0.87
 887		 | 0.0000086019		 | 1.17
 888		 | 0.0000078574		 | 1.09
 889		 | 0.0000085171		 | 0.92
 890		 | 0.0000074202		 | 1.15
 891		 | 0.0000085034		 | 0.87
 892		 | 0.0000064496		 | 1.32
 893		 | 0.0000062995		 | 1.02
 894		 | 0.0000080668		 | 0.78
 895		 | 0.0000051065		 | 1.58
 896		 | 0.0000073672		 | 0.69
 897		 | 0.0000065646		 | 1.12
 898		 | 0.0000054189		 | 1.21
 899		 | 0.0000073606		 | 0.74
 900		 | 0.0000055763		 | 1.32
 901		 | 0.0000061945		 | 0.90
 902		 | 0.0000068111		 | 0.91
 903		 | 0.0000060187		 | 1.13
 904		 | 0.0000049558		 | 1.21
 905		 | 0.0000060124		 | 0.82
 906		 | 0.0000066659		 | 0.90
 907		 | 0.0000043564		 | 1.53
 908		 | 0.0000068486		 | 0.64
 909		 | 0.0000055597		 | 1.23
 910		 | 0.0000048093		 | 1.16
 911		 | 0.0000069129		 | 0.70
 912		 | 0.0000041600		 | 1.66
 913		 | 0.0000066393		 | 0.63
 914		 | 0.0000065654		 | 1.01
 915		 | 0.0000040820		 | 1.61
 916		 | 0.0000057910		 | 0.70
 917		 | 0.0000049309		 | 1.17
 918		 | 0.0000049042		 | 1.01
 919		 | 0.0000054080		 | 0.91
 920		 | 0.0000036942		 | 1.46
 921		 | 0.0000039375		 | 0.94
 922		 | 0.0000048807		 | 0.81
 923		 | 0.0000035495		 | 1.38
 924		 | 0.0000036441		 | 0.97
 925		 | 0.0000054519		 | 0.67
 926		 | 0.0000033365		 | 1.63
 927		 | 0.0000030618		 | 1.09
 928		 | 0.0000049353		 | 0.62
 929		 | 0.0000028902		 | 1.71
 930		 | 0.0000033604		 | 0.86
 931		 | 0.0000034816		 | 0.97
 932		 | 0.0000032142		 | 1.08
 933		 | 0.0000032986		 | 0.97
 934		 | 0.0000033626		 | 0.98
 935		 | 0.0000037966		 | 0.89
 936		 | 0.0000032487		 | 1.17
 937		 | 0.0000033517		 | 0.97
 938		 | 0.0000035620		 | 0.94
 939		 | 0.0000036272		 | 0.98
 940		 | 0.0000029121		 | 1.25
 941		 | 0.0000025728		 | 1.13
 942		 | 0.0000030148		 | 0.85
 943		 | 0.0000026405		 | 1.14
 944		 | 0.0000023386		 | 1.13
 945		 | 0.0000036224		 | 0.65
 946		 | 0.0000027934		 | 1.30
 947		 | 0.0000030510		 | 0.92
 948		 | 0.0000031157		 | 0.98
 949		 | 0.0000022106		 | 1.41
 950		 | 0.0000025513		 | 0.87
 951		 | 0.0000023529		 | 1.08
 952		 | 0.0000023397		 | 1.01
 953		 | 0.0000016739		 | 1.40
 954		 | 0.0000020196		 | 0.83
 955		 | 0.0000021729		 | 0.93
 956		 | 0.0000017556		 | 1.24
 957		 | 0.0000013280		 | 1.32
 958		 | 0.0000018943		 | 0.70
 959		 | 0.0000026112		 | 0.73
 960		 | 0.0000006856		 | 3.81
 961		 | 0.0000017579		 | 0.39
 962		 | 0.0000046973		 | 0.37
 963		 | 0.0000014711		 | 3.19
 964		 | 0.0000008734		 | 1.68
 965		 | 0.0000025316		 | 0.34
 966		 | 0.0000020451		 | 1.24
 967		 | 0.0000010457		 | 1.96
 968		 | 0.0000009612		 | 1.09
 969		 | 0.0000017256		 | 0.56
 970		 | 0.0000013545		 | 1.27
 971		 | 0.0000008113		 | 1.67
 972		 | 0.0000011223		 | 0.72
 973		 | 0.0000012835		 | 0.87
 974		 | 0.0000016635		 | 0.77
 975		 | 0.0000009541		 | 1.74
 976		 | 0.0000014512		 | 0.66
 977		 | 0.0000014340		 | 1.01
 978		 | 0.0000011982		 | 1.20
 979		 | 0.0000017393		 | 0.69
 980		 | 0.0000009988		 | 1.74
 981		 | 0.0000007580		 | 1.32
 982		 | 0.0000010213		 | 0.74
 983		 | 0.0000006404		 | 1.59
 984		 | 0.0000006228		 | 1.03
 985		 | 0.0000007279		 | 0.86
 986		 | 0.0000008081		 | 0.90
 987		 | 0.0000007621		 | 1.06
 988		 | 0.0000008957		 | 0.85
 989		 | 0.0000008431		 | 1.06
 990		 | 0.0000005154		 | 1.64
 991		 | 0.0000009050		 | 0.57
 992		 | 0.0000005662		 | 1.60
 993		 | 0.0000005279		 | 1.07
 994		 | 0.0000003541		 | 1.49
 995		 | 0.0000002877		 | 1.23
 996		 | 0.0000012176		 | 0.24
 997		 | 0.0000004251		 | 2.86
 998		 | 0.0000001626		 | 2.61
 999		 | 0.0000012468		 | 0.13
1000		 | 0.0000004627		 | 2.69