Resize Kernel: Bicubic b 0.33 c 0.33
Native resolution(s) (best guess): 900p
Please check the graph manually for more accurate results

Raw data:
Resolution	 | Relative Error	 | Relative difference from last
 500		 | 0.0023896526		 | 0.00
 501		 | 0.0023986020		 | 1.00
 502		 | 0.0023622301		 | 1.02
 503		 | 0.0023319813		 | 1.01
 504		 | 0.0023551194		 | 0.99
 505		 | 0.0023446656		 | 1.00
 506		 | 0.0022752058		 | 1.03
 507		 | 0.0022778283		 | 1.00
 508		 | 0.0023198142		 | 0.98
 509		 | 0.0023180247		 | 1.00
 510		 | 0.0022693600		 | 1.02
 511		 | 0.0022640137		 | 1.00
 512		 | 0.0022664400		 | 1.00
 513		 | 0.0022437550		 | 1.01
 514		 | 0.0022480791		 | 1.00
 515		 | 0.0022090805		 | 1.02
 516		 | 0.0022020944		 | 1.00
 517		 | 0.0022112773		 | 1.00
 518		 | 0.0022240623		 | 0.99
 519		 | 0.0021809764		 | 1.02
 520		 | 0.0021524466		 | 1.01
 521		 | 0.0021767718		 | 0.99
 522		 | 0.0021711942		 | 1.00
 523		 | 0.0021223962		 | 1.02
 524		 | 0.0021270907		 | 1.00
 525		 | 0.0021346031		 | 1.00
 526		 | 0.0021211833		 | 1.01
 527		 | 0.0021188356		 | 1.00
 528		 | 0.0021038053		 | 1.01
 529		 | 0.0020863481		 | 1.01
 530		 | 0.0020882551		 | 1.00
 531		 | 0.0020653136		 | 1.01
 532		 | 0.0020538395		 | 1.01
 533		 | 0.0020295157		 | 1.01
 534		 | 0.0020214549		 | 1.00
 535		 | 0.0020258467		 | 1.00
 536		 | 0.0020390165		 | 0.99
 537		 | 0.0020005615		 | 1.02
 538		 | 0.0019975795		 | 1.00
 539		 | 0.0020101625		 | 0.99
 540		 | 0.0019898346		 | 1.01
 541		 | 0.0019751988		 | 1.01
 542		 | 0.0019627223		 | 1.01
 543		 | 0.0019543111		 | 1.00
 544		 | 0.0019386814		 | 1.01
 545		 | 0.0019422270		 | 1.00
 546		 | 0.0019324575		 | 1.01
 547		 | 0.0019033981		 | 1.02
 548		 | 0.0018948309		 | 1.00
 549		 | 0.0019134244		 | 0.99
 550		 | 0.0018890465		 | 1.01
 551		 | 0.0018409698		 | 1.03
 552		 | 0.0018492955		 | 1.00
 553		 | 0.0018730972		 | 0.99
 554		 | 0.0018665601		 | 1.00
 555		 | 0.0018463145		 | 1.01
 556		 | 0.0018156625		 | 1.02
 557		 | 0.0018240934		 | 1.00
 558		 | 0.0018225186		 | 1.00
 559		 | 0.0018084098		 | 1.01
 560		 | 0.0017893544		 | 1.01
 561		 | 0.0017873296		 | 1.00
 562		 | 0.0017752910		 | 1.01
 563		 | 0.0017902477		 | 0.99
 564		 | 0.0017734696		 | 1.01
 565		 | 0.0017370022		 | 1.02
 566		 | 0.0017619308		 | 0.99
 567		 | 0.0017484560		 | 1.01
 568		 | 0.0016965424		 | 1.03
 569		 | 0.0017181674		 | 0.99
 570		 | 0.0017301800		 | 0.99
 571		 | 0.0016969645		 | 1.02
 572		 | 0.0017113376		 | 0.99
 573		 | 0.0016991461		 | 1.01
 574		 | 0.0016534889		 | 1.03
 575		 | 0.0016734480		 | 0.99
 576		 | 0.0016829369		 | 0.99
 577		 | 0.0016449814		 | 1.02
 578		 | 0.0016275686		 | 1.01
 579		 | 0.0016211238		 | 1.00
 580		 | 0.0016456399		 | 0.99
 581		 | 0.0016148136		 | 1.02
 582		 | 0.0015992123		 | 1.01
 583		 | 0.0015944934		 | 1.00
 584		 | 0.0016095159		 | 0.99
 585		 | 0.0016012647		 | 1.01
 586		 | 0.0015800660		 | 1.01
 587		 | 0.0015651740		 | 1.01
 588		 | 0.0015686744		 | 1.00
 589		 | 0.0015558426		 | 1.01
 590		 | 0.0015638254		 | 0.99
 591		 | 0.0015524369		 | 1.01
 592		 | 0.0015223592		 | 1.02
 593		 | 0.0015341637		 | 0.99
 594		 | 0.0015168706		 | 1.01
 595		 | 0.0014875873		 | 1.02
 596		 | 0.0015050960		 | 0.99
 597		 | 0.0015064547		 | 1.00
 598		 | 0.0015011863		 | 1.00
 599		 | 0.0014813996		 | 1.01
 600		 | 0.0014787094		 | 1.00
 601		 | 0.0014615154		 | 1.01
 602		 | 0.0014556536		 | 1.00
 603		 | 0.0014734765		 | 0.99
 604		 | 0.0014404352		 | 1.02
 605		 | 0.0014176639		 | 1.02
 606		 | 0.0014103596		 | 1.01
 607		 | 0.0014358719		 | 0.98
 608		 | 0.0014242679		 | 1.01
 609		 | 0.0014041895		 | 1.01
 610		 | 0.0013871664		 | 1.01
 611		 | 0.0014100037		 | 0.98
 612		 | 0.0013943395		 | 1.01
 613		 | 0.0013821154		 | 1.01
 614		 | 0.0013624873		 | 1.01
 615		 | 0.0013667773		 | 1.00
 616		 | 0.0013736479		 | 0.99
 617		 | 0.0013649693		 | 1.01
 618		 | 0.0013455688		 | 1.01
 619		 | 0.0013273989		 | 1.01
 620		 | 0.0013427848		 | 0.99
 621		 | 0.0013301395		 | 1.01
 622		 | 0.0013098628		 | 1.02
 623		 | 0.0012999804		 | 1.01
 624		 | 0.0012964341		 | 1.00
 625		 | 0.0013260278		 | 0.98
 626		 | 0.0012754767		 | 1.04
 627		 | 0.0012728349		 | 1.00
 628		 | 0.0013038153		 | 0.98
 629		 | 0.0012778409		 | 1.02
 630		 | 0.0012524556		 | 1.02
 631		 | 0.0012570350		 | 1.00
 632		 | 0.0012414914		 | 1.01
 633		 | 0.0012349703		 | 1.01
 634		 | 0.0012492228		 | 0.99
 635		 | 0.0012546047		 | 1.00
 636		 | 0.0012128956		 | 1.03
 637		 | 0.0012129094		 | 1.00
 638		 | 0.0012276884		 | 0.99
 639		 | 0.0012192804		 | 1.01
 640		 | 0.0011908685		 | 1.02
 641		 | 0.0012150877		 | 0.98
 642		 | 0.0011946427		 | 1.02
 643		 | 0.0011835778		 | 1.01
 644		 | 0.0011842483		 | 1.00
 645		 | 0.0011771994		 | 1.01
 646		 | 0.0011537109		 | 1.02
 647		 | 0.0011751919		 | 0.98
 648		 | 0.0011649653		 | 1.01
 649		 | 0.0011469251		 | 1.02
 650		 | 0.0011281504		 | 1.02
 651		 | 0.0011138238		 | 1.01
 652		 | 0.0011468792		 | 0.97
 653		 | 0.0011412221		 | 1.00
 654		 | 0.0010987742		 | 1.04
 655		 | 0.0011096912		 | 0.99
 656		 | 0.0011201685		 | 0.99
 657		 | 0.0011010884		 | 1.02
 658		 | 0.0010974639		 | 1.00
 659		 | 0.0010918574		 | 1.01
 660		 | 0.0010821585		 | 1.01
 661		 | 0.0010832156		 | 1.00
 662		 | 0.0010881956		 | 1.00
 663		 | 0.0010428418		 | 1.04
 664		 | 0.0010524818		 | 0.99
 665		 | 0.0010737159		 | 0.98
 666		 | 0.0010546725		 | 1.02
 667		 | 0.0010230985		 | 1.03
 668		 | 0.0010466820		 | 0.98
 669		 | 0.0010266635		 | 1.02
 670		 | 0.0010368910		 | 0.99
 671		 | 0.0010254402		 | 1.01
 672		 | 0.0010147542		 | 1.01
 673		 | 0.0010098404		 | 1.00
 674		 | 0.0010005013		 | 1.01
 675		 | 0.0009975671		 | 1.00
 676		 | 0.0009853309		 | 1.01
 677		 | 0.0009883039		 | 1.00
 678		 | 0.0009756859		 | 1.01
 679		 | 0.0009985044		 | 0.98
 680		 | 0.0009813365		 | 1.02
 681		 | 0.0009460588		 | 1.04
 682		 | 0.0009647196		 | 0.98
 683		 | 0.0009799898		 | 0.98
 684		 | 0.0009513318		 | 1.03
 685		 | 0.0009392620		 | 1.01
 686		 | 0.0009455093		 | 0.99
 687		 | 0.0009359603		 | 1.01
 688		 | 0.0009324669		 | 1.00
 689		 | 0.0009348747		 | 1.00
 690		 | 0.0009193504		 | 1.02
 691		 | 0.0009100746		 | 1.01
 692		 | 0.0009247182		 | 0.98
 693		 | 0.0009172430		 | 1.01
 694		 | 0.0008962705		 | 1.02
 695		 | 0.0008977458		 | 1.00
 696		 | 0.0008986537		 | 1.00
 697		 | 0.0009121354		 | 0.99
 698		 | 0.0008876459		 | 1.03
 699		 | 0.0008762094		 | 1.01
 700		 | 0.0008819406		 | 0.99
 701		 | 0.0008699969		 | 1.01
 702		 | 0.0008745698		 | 0.99
 703		 | 0.0008562314		 | 1.02
 704		 | 0.0008603386		 | 1.00
 705		 | 0.0008608018		 | 1.00
 706		 | 0.0008492920		 | 1.01
 707		 | 0.0008517801		 | 1.00
 708		 | 0.0008379659		 | 1.02
 709		 | 0.0008305292		 | 1.01
 710		 | 0.0008483114		 | 0.98
 711		 | 0.0008274948		 | 1.03
 712		 | 0.0008075676		 | 1.02
 713		 | 0.0008230126		 | 0.98
 714		 | 0.0008241162		 | 1.00
 715		 | 0.0008094662		 | 1.02
 716		 | 0.0008198400		 | 0.99
 717		 | 0.0008040138		 | 1.02
 718		 | 0.0007771201		 | 1.03
 719		 | 0.0008003004		 | 0.97
 720		 | 0.0008226187		 | 0.97
 721		 | 0.0007777301		 | 1.06
 722		 | 0.0007745057		 | 1.00
 723		 | 0.0007700807		 | 1.01
 724		 | 0.0007756352		 | 0.99
 725		 | 0.0007606435		 | 1.02
 726		 | 0.0007496798		 | 1.01
 727		 | 0.0007653085		 | 0.98
 728		 | 0.0007624750		 | 1.00
 729		 | 0.0007413032		 | 1.03
 730		 | 0.0007329380		 | 1.01
 731		 | 0.0007404359		 | 0.99
 732		 | 0.0007460006		 | 0.99
 733		 | 0.0007369967		 | 1.01
 734		 | 0.0007301486		 | 1.01
 735		 | 0.0007158008		 | 1.02
 736		 | 0.0007177191		 | 1.00
 737		 | 0.0007162183		 | 1.00
 738		 | 0.0007181491		 | 1.00
 739		 | 0.0006978719		 | 1.03
 740		 | 0.0007253589		 | 0.96
 741		 | 0.0007275524		 | 1.00
 742		 | 0.0007026815		 | 1.04
 743		 | 0.0006837639		 | 1.03
 744		 | 0.0006765407		 | 1.01
 745		 | 0.0006921281		 | 0.98
 746		 | 0.0006824370		 | 1.01
 747		 | 0.0006846690		 | 1.00
 748		 | 0.0006725783		 | 1.02
 749		 | 0.0006542153		 | 1.03
 750		 | 0.0006592938		 | 0.99
 751		 | 0.0006743163		 | 0.98
 752		 | 0.0006638372		 | 1.02
 753		 | 0.0006419903		 | 1.03
 754		 | 0.0006662478		 | 0.96
 755		 | 0.0006571533		 | 1.01
 756		 | 0.0006397849		 | 1.03
 757		 | 0.0006474584		 | 0.99
 758		 | 0.0006508001		 | 0.99
 759		 | 0.0006471540		 | 1.01
 760		 | 0.0006368773		 | 1.02
 761		 | 0.0006325184		 | 1.01
 762		 | 0.0006123653		 | 1.03
 763		 | 0.0006219242		 | 0.98
 764		 | 0.0006262155		 | 0.99
 765		 | 0.0006151492		 | 1.02
 766		 | 0.0006064361		 | 1.01
 767		 | 0.0006081814		 | 1.00
 768		 | 0.0006139926		 | 0.99
 769		 | 0.0006140562		 | 1.00
 770		 | 0.0005934434		 | 1.03
 771		 | 0.0005907815		 | 1.00
 772		 | 0.0005984982		 | 0.99
 773		 | 0.0005782921		 | 1.03
 774		 | 0.0005888677		 | 0.98
 775		 | 0.0005845458		 | 1.01
 776		 | 0.0005742053		 | 1.02
 777		 | 0.0005737537		 | 1.00
 778		 | 0.0005691716		 | 1.01
 779		 | 0.0005787202		 | 0.98
 780		 | 0.0005457537		 | 1.06
 781		 | 0.0005590667		 | 0.98
 782		 | 0.0005573009		 | 1.00
 783		 | 0.0005605952		 | 0.99
 784		 | 0.0005509228		 | 1.02
 785		 | 0.0005488766		 | 1.00
 786		 | 0.0005493692		 | 1.00
 787		 | 0.0005483846		 | 1.00
 788		 | 0.0005389579		 | 1.02
 789		 | 0.0005262114		 | 1.02
 790		 | 0.0005314924		 | 0.99
 791		 | 0.0005414062		 | 0.98
 792		 | 0.0005257094		 | 1.03
 793		 | 0.0004975664		 | 1.06
 794		 | 0.0005290655		 | 0.94
 795		 | 0.0005289495		 | 1.00
 796		 | 0.0005355460		 | 0.99
 797		 | 0.0005077213		 | 1.05
 798		 | 0.0005120062		 | 0.99
 799		 | 0.0005204267		 | 0.98
 800		 | 0.0005091960		 | 1.02
 801		 | 0.0004911185		 | 1.04
 802		 | 0.0004952895		 | 0.99
 803		 | 0.0005000130		 | 0.99
 804		 | 0.0005091397		 | 0.98
 805		 | 0.0004889177		 | 1.04
 806		 | 0.0004749097		 | 1.03
 807		 | 0.0004763452		 | 1.00
 808		 | 0.0004940926		 | 0.96
 809		 | 0.0004882918		 | 1.01
 810		 | 0.0004846471		 | 1.01
 811		 | 0.0004627971		 | 1.05
 812		 | 0.0004733070		 | 0.98
 813		 | 0.0004758133		 | 0.99
 814		 | 0.0004640405		 | 1.03
 815		 | 0.0004627363		 | 1.00
 816		 | 0.0004687158		 | 0.99
 817		 | 0.0004424712		 | 1.06
 818		 | 0.0004580605		 | 0.97
 819		 | 0.0004467615		 | 1.03
 820		 | 0.0004358382		 | 1.03
 821		 | 0.0004521272		 | 0.96
 822		 | 0.0004407867		 | 1.03
 823		 | 0.0004516114		 | 0.98
 824		 | 0.0004418484		 | 1.02
 825		 | 0.0004118512		 | 1.07
 826		 | 0.0004352756		 | 0.95
 827		 | 0.0004517234		 | 0.96
 828		 | 0.0004235013		 | 1.07
 829		 | 0.0004237304		 | 1.00
 830		 | 0.0004157026		 | 1.02
 831		 | 0.0004108501		 | 1.01
 832		 | 0.0004043661		 | 1.02
 833		 | 0.0004108807		 | 0.98
 834		 | 0.0004052444		 | 1.01
 835		 | 0.0004029337		 | 1.01
 836		 | 0.0004285655		 | 0.94
 837		 | 0.0003801287		 | 1.13
 838		 | 0.0003786818		 | 1.00
 839		 | 0.0004173919		 | 0.91
 840		 | 0.0004083461		 | 1.02
 841		 | 0.0003970539		 | 1.03
 842		 | 0.0003825943		 | 1.04
 843		 | 0.0003753997		 | 1.02
 844		 | 0.0003775894		 | 0.99
 845		 | 0.0003742608		 | 1.01
 846		 | 0.0003811553		 | 0.98
 847		 | 0.0003831103		 | 0.99
 848		 | 0.0003661207		 | 1.05
 849		 | 0.0003798818		 | 0.96
 850		 | 0.0003736370		 | 1.02
 851		 | 0.0003480492		 | 1.07
 852		 | 0.0003579427		 | 0.97
 853		 | 0.0003787250		 | 0.95
 854		 | 0.0003700408		 | 1.02
 855		 | 0.0003528985		 | 1.05
 856		 | 0.0003279206		 | 1.08
 857		 | 0.0003548436		 | 0.92
 858		 | 0.0003528930		 | 1.01
 859		 | 0.0003534840		 | 1.00
 860		 | 0.0003415027		 | 1.04
 861		 | 0.0003329751		 | 1.03
 862		 | 0.0003354809		 | 0.99
 863		 | 0.0003459402		 | 0.97
 864		 | 0.0003331303		 | 1.04
 865		 | 0.0003486817		 | 0.96
 866		 | 0.0003474542		 | 1.00
 867		 | 0.0003613648		 | 0.96
 868		 | 0.0003431425		 | 1.05
 869		 | 0.0002906289		 | 1.18
 870		 | 0.0003238762		 | 0.90
 871		 | 0.0003313749		 | 0.98
 872		 | 0.0003114022		 | 1.06
 873		 | 0.0003073313		 | 1.01
 874		 | 0.0003082895		 | 1.00
 875		 | 0.0002931417		 | 1.05
 876		 | 0.0002925916		 | 1.00
 877		 | 0.0003124005		 | 0.94
 878		 | 0.0003307821		 | 0.94
 879		 | 0.0002980563		 | 1.11
 880		 | 0.0002930282		 | 1.02
 881		 | 0.0002907573		 | 1.01
 882		 | 0.0002673062		 | 1.09
 883		 | 0.0002909784		 | 0.92
 884		 | 0.0002971746		 | 0.98
 885		 | 0.0003021765		 | 0.98
 886		 | 0.0002914575		 | 1.04
 887		 | 0.0002678625		 | 1.09
 888		 | 0.0002639062		 | 1.01
 889		 | 0.0002687518		 | 0.98
 890		 | 0.0003086321		 | 0.87
 891		 | 0.0002710539		 | 1.14
 892		 | 0.0002534555		 | 1.07
 893		 | 0.0002772612		 | 0.91
 894		 | 0.0002453187		 | 1.13
 895		 | 0.0002707214		 | 0.91
 896		 | 0.0002865262		 | 0.94
 897		 | 0.0002217746		 | 1.29
 898		 | 0.0002793193		 | 0.79
 899		 | 0.0002557624		 | 1.09
 900		 | 0.0000011822		 | 216.35
 901		 | 0.0002463399		 | 0.00
 902		 | 0.0002784859		 | 0.88
 903		 | 0.0002320681		 | 1.20
 904		 | 0.0002662200		 | 0.87
 905		 | 0.0002407893		 | 1.11
 906		 | 0.0002147697		 | 1.12
 907		 | 0.0002465340		 | 0.87
 908		 | 0.0002420442		 | 1.02
 909		 | 0.0002245027		 | 1.08
 910		 | 0.0002413274		 | 0.93
 911		 | 0.0002300771		 | 1.05
 912		 | 0.0002310769		 | 1.00
 913		 | 0.0002153021		 | 1.07
 914		 | 0.0002197933		 | 0.98
 915		 | 0.0002195186		 | 1.00
 916		 | 0.0002212352		 | 0.99
 917		 | 0.0002156244		 | 1.03
 918		 | 0.0001962009		 | 1.10
 919		 | 0.0001965644		 | 1.00
 920		 | 0.0002129601		 | 0.92
 921		 | 0.0002099241		 | 1.01
 922		 | 0.0002315047		 | 0.91
 923		 | 0.0002021296		 | 1.15
 924		 | 0.0001857970		 | 1.09
 925		 | 0.0001970273		 | 0.94
 926		 | 0.0002033080		 | 0.97
 927		 | 0.0001911745		 | 1.06
 928		 | 0.0001913057		 | 1.00
 929		 | 0.0001938640		 | 0.99
 930		 | 0.0001939279		 | 1.00
 931		 | 0.0001848879		 | 1.05
 932		 | 0.0001776622		 | 1.04
 933		 | 0.0001884200		 | 0.94
 934		 | 0.0001980843		 | 0.95
 935		 | 0.0002066607		 | 0.96
 936		 | 0.0001726039		 | 1.20
 937		 | 0.0001685579		 | 1.02
 938		 | 0.0001837029		 | 0.92
 939		 | 0.0001883987		 | 0.98
 940		 | 0.0001725906		 | 1.09
 941		 | 0.0001632507		 | 1.06
 942		 | 0.0001538237		 | 1.06
 943		 | 0.0001728085		 | 0.89
 944		 | 0.0001409531		 | 1.23
 945		 | 0.0001531390		 | 0.92
 946		 | 0.0001639910		 | 0.93
 947		 | 0.0001607355		 | 1.02
 948		 | 0.0001632681		 | 0.98
 949		 | 0.0001521989		 | 1.07
 950		 | 0.0001462314		 | 1.04
 951		 | 0.0001525808		 | 0.96
 952		 | 0.0001502633		 | 1.02
 953		 | 0.0001513089		 | 0.99
 954		 | 0.0001434614		 | 1.05
 955		 | 0.0001344177		 | 1.07
 956		 | 0.0001450328		 | 0.93
 957		 | 0.0001371568		 | 1.06
 958		 | 0.0001233216		 | 1.11
 959		 | 0.0001423618		 | 0.87
 960		 | 0.0001234148		 | 1.15
 961		 | 0.0001376160		 | 0.90
 962		 | 0.0001264275		 | 1.09
 963		 | 0.0001169512		 | 1.08
 964		 | 0.0001296721		 | 0.90
 965		 | 0.0001309479		 | 0.99
 966		 | 0.0001404371		 | 0.93
 967		 | 0.0001162089		 | 1.21
 968		 | 0.0001116674		 | 1.04
 969		 | 0.0001142304		 | 0.98
 970		 | 0.0001153122		 | 0.99
 971		 | 0.0001148677		 | 1.00
 972		 | 0.0001139428		 | 1.01
 973		 | 0.0000991785		 | 1.15
 974		 | 0.0001181592		 | 0.84
 975		 | 0.0001166368		 | 1.01
 976		 | 0.0001023318		 | 1.14
 977		 | 0.0001009106		 | 1.01
 978		 | 0.0001092493		 | 0.92
 979		 | 0.0000981738		 | 1.11
 980		 | 0.0001008022		 | 0.97
 981		 | 0.0000972216		 | 1.04
 982		 | 0.0000924668		 | 1.05
 983		 | 0.0001002544		 | 0.92
 984		 | 0.0001081541		 | 0.93
 985		 | 0.0000815109		 | 1.33
 986		 | 0.0000827547		 | 0.98
 987		 | 0.0000997065		 | 0.83
 988		 | 0.0000863406		 | 1.15
 989		 | 0.0000817225		 | 1.06
 990		 | 0.0001741325		 | 0.47
 991		 | 0.0000749848		 | 2.32
 992		 | 0.0000792365		 | 0.95
 993		 | 0.0000996528		 | 0.80
 994		 | 0.0000746668		 | 1.33
 995		 | 0.0000714686		 | 1.04
 996		 | 0.0000821463		 | 0.87
 997		 | 0.0000770841		 | 1.07
 998		 | 0.0000725368		 | 1.06
 999		 | 0.0000719759		 | 1.01
1000		 | 0.0000689367		 | 1.04