Resize Kernel: Bicubic b 0.33 c 0.33
Native resolution(s) (best guess): 844p
Please check the graph manually for more accurate results

Raw data:
Resolution	 | Relative Error	 | Relative difference from last
 500		 | 0.0013207702		 | 0.00
 501		 | 0.0013227714		 | 1.00
 502		 | 0.0013184817		 | 1.00
 503		 | 0.0013123812		 | 1.00
 504		 | 0.0012915055		 | 1.02
 505		 | 0.0012797886		 | 1.01
 506		 | 0.0012872386		 | 0.99
 507		 | 0.0012670863		 | 1.02
 508		 | 0.0012632779		 | 1.00
 509		 | 0.0012505014		 | 1.01
 510		 | 0.0012417342		 | 1.01
 511		 | 0.0012445066		 | 1.00
 512		 | 0.0012256564		 | 1.02
 513		 | 0.0012234955		 | 1.00
 514		 | 0.0012096230		 | 1.01
 515		 | 0.0011923710		 | 1.01
 516		 | 0.0011978823		 | 1.00
 517		 | 0.0011811122		 | 1.01
 518		 | 0.0011658103		 | 1.01
 519		 | 0.0011758984		 | 0.99
 520		 | 0.0011607475		 | 1.01
 521		 | 0.0011536548		 | 1.01
 522		 | 0.0011560252		 | 1.00
 523		 | 0.0011353873		 | 1.02
 524		 | 0.0011213501		 | 1.01
 525		 | 0.0011118517		 | 1.01
 526		 | 0.0010980718		 | 1.01
 527		 | 0.0011047429		 | 0.99
 528		 | 0.0010909133		 | 1.01
 529		 | 0.0010786530		 | 1.01
 530		 | 0.0010747798		 | 1.00
 531		 | 0.0010666148		 | 1.01
 532		 | 0.0010575695		 | 1.01
 533		 | 0.0010427216		 | 1.01
 534		 | 0.0010353916		 | 1.01
 535		 | 0.0010350551		 | 1.00
 536		 | 0.0010290661		 | 1.01
 537		 | 0.0010294110		 | 1.00
 538		 | 0.0010243531		 | 1.00
 539		 | 0.0010075281		 | 1.02
 540		 | 0.0010264643		 | 0.98
 541		 | 0.0009772269		 | 1.05
 542		 | 0.0009688888		 | 1.01
 543		 | 0.0009640822		 | 1.00
 544		 | 0.0009794584		 | 0.98
 545		 | 0.0009586618		 | 1.02
 546		 | 0.0009488962		 | 1.01
 547		 | 0.0009553253		 | 0.99
 548		 | 0.0009470187		 | 1.01
 549		 | 0.0009336391		 | 1.01
 550		 | 0.0009229157		 | 1.01
 551		 | 0.0009198051		 | 1.00
 552		 | 0.0009314240		 | 0.99
 553		 | 0.0009047489		 | 1.03
 554		 | 0.0008991782		 | 1.01
 555		 | 0.0008985640		 | 1.00
 556		 | 0.0008891037		 | 1.01
 557		 | 0.0008826597		 | 1.01
 558		 | 0.0008785747		 | 1.00
 559		 | 0.0008732011		 | 1.01
 560		 | 0.0008822017		 | 0.99
 561		 | 0.0008766213		 | 1.01
 562		 | 0.0008682606		 | 1.01
 563		 | 0.0008474103		 | 1.02
 564		 | 0.0008401929		 | 1.01
 565		 | 0.0008201109		 | 1.02
 566		 | 0.0008192310		 | 1.00
 567		 | 0.0008231676		 | 1.00
 568		 | 0.0008193965		 | 1.00
 569		 | 0.0008099060		 | 1.01
 570		 | 0.0008075411		 | 1.00
 571		 | 0.0007962951		 | 1.01
 572		 | 0.0007910026		 | 1.01
 573		 | 0.0007854003		 | 1.01
 574		 | 0.0007859101		 | 1.00
 575		 | 0.0007788263		 | 1.01
 576		 | 0.0007868183		 | 0.99
 577		 | 0.0007729385		 | 1.02
 578		 | 0.0007548237		 | 1.02
 579		 | 0.0007480493		 | 1.01
 580		 | 0.0007424107		 | 1.01
 581		 | 0.0007499226		 | 0.99
 582		 | 0.0007368308		 | 1.02
 583		 | 0.0007288074		 | 1.01
 584		 | 0.0007238125		 | 1.01
 585		 | 0.0007276438		 | 0.99
 586		 | 0.0007284359		 | 1.00
 587		 | 0.0007092780		 | 1.03
 588		 | 0.0007004177		 | 1.01
 589		 | 0.0007015503		 | 1.00
 590		 | 0.0007038394		 | 1.00
 591		 | 0.0007045100		 | 1.00
 592		 | 0.0006946010		 | 1.01
 593		 | 0.0006925219		 | 1.00
 594		 | 0.0006792635		 | 1.02
 595		 | 0.0006704312		 | 1.01
 596		 | 0.0006766203		 | 0.99
 597		 | 0.0006640819		 | 1.02
 598		 | 0.0006694143		 | 0.99
 599		 | 0.0006615195		 | 1.01
 600		 | 0.0006473512		 | 1.02
 601		 | 0.0006488254		 | 1.00
 602		 | 0.0006544896		 | 0.99
 603		 | 0.0006503464		 | 1.01
 604		 | 0.0006410396		 | 1.01
 605		 | 0.0006391663		 | 1.00
 606		 | 0.0006404540		 | 1.00
 607		 | 0.0006312542		 | 1.01
 608		 | 0.0005873500		 | 1.07
 609		 | 0.0006055562		 | 0.97
 610		 | 0.0006090534		 | 0.99
 611		 | 0.0006104204		 | 1.00
 612		 | 0.0005983617		 | 1.02
 613		 | 0.0005971824		 | 1.00
 614		 | 0.0006015321		 | 0.99
 615		 | 0.0006016721		 | 1.00
 616		 | 0.0005895460		 | 1.02
 617		 | 0.0005792234		 | 1.02
 618		 | 0.0005815926		 | 1.00
 619		 | 0.0005679488		 | 1.02
 620		 | 0.0005585114		 | 1.02
 621		 | 0.0005624872		 | 0.99
 622		 | 0.0005553264		 | 1.01
 623		 | 0.0005554211		 | 1.00
 624		 | 0.0005512871		 | 1.01
 625		 | 0.0005473866		 | 1.01
 626		 | 0.0005530376		 | 0.99
 627		 | 0.0005528906		 | 1.00
 628		 | 0.0005434597		 | 1.02
 629		 | 0.0005404024		 | 1.01
 630		 | 0.0005412632		 | 1.00
 631		 | 0.0005336646		 | 1.01
 632		 | 0.0005298415		 | 1.01
 633		 | 0.0005237907		 | 1.01
 634		 | 0.0005163686		 | 1.01
 635		 | 0.0005254840		 | 0.98
 636		 | 0.0005231624		 | 1.00
 637		 | 0.0005098425		 | 1.03
 638		 | 0.0005031278		 | 1.01
 639		 | 0.0004978056		 | 1.01
 640		 | 0.0004860705		 | 1.02
 641		 | 0.0005076238		 | 0.96
 642		 | 0.0005021189		 | 1.01
 643		 | 0.0004920760		 | 1.02
 644		 | 0.0005027406		 | 0.98
 645		 | 0.0004885088		 | 1.03
 646		 | 0.0004872794		 | 1.00
 647		 | 0.0004766391		 | 1.02
 648		 | 0.0004694106		 | 1.02
 649		 | 0.0004625090		 | 1.01
 650		 | 0.0004562582		 | 1.01
 651		 | 0.0004594586		 | 0.99
 652		 | 0.0004570858		 | 1.01
 653		 | 0.0004608058		 | 0.99
 654		 | 0.0004530667		 | 1.02
 655		 | 0.0004496634		 | 1.01
 656		 | 0.0004652943		 | 0.97
 657		 | 0.0004558079		 | 1.02
 658		 | 0.0004488344		 | 1.02
 659		 | 0.0004444817		 | 1.01
 660		 | 0.0004412134		 | 1.01
 661		 | 0.0004377593		 | 1.01
 662		 | 0.0004275381		 | 1.02
 663		 | 0.0004308620		 | 0.99
 664		 | 0.0004291376		 | 1.00
 665		 | 0.0004310618		 | 1.00
 666		 | 0.0004297087		 | 1.00
 667		 | 0.0004253757		 | 1.01
 668		 | 0.0004156571		 | 1.02
 669		 | 0.0004212783		 | 0.99
 670		 | 0.0004142435		 | 1.02
 671		 | 0.0004158164		 | 1.00
 672		 | 0.0004074917		 | 1.02
 673		 | 0.0004088998		 | 1.00
 674		 | 0.0004085995		 | 1.00
 675		 | 0.0004049515		 | 1.01
 676		 | 0.0004048290		 | 1.00
 677		 | 0.0003933578		 | 1.03
 678		 | 0.0003940784		 | 1.00
 679		 | 0.0003922479		 | 1.00
 680		 | 0.0003920664		 | 1.00
 681		 | 0.0003949698		 | 0.99
 682		 | 0.0003952455		 | 1.00
 683		 | 0.0003851321		 | 1.03
 684		 | 0.0003866299		 | 1.00
 685		 | 0.0003824877		 | 1.01
 686		 | 0.0003693694		 | 1.04
 687		 | 0.0003731473		 | 0.99
 688		 | 0.0003652872		 | 1.02
 689		 | 0.0003671208		 | 1.00
 690		 | 0.0003661427		 | 1.00
 691		 | 0.0003648845		 | 1.00
 692		 | 0.0003737743		 | 0.98
 693		 | 0.0003663551		 | 1.02
 694		 | 0.0003515506		 | 1.04
 695		 | 0.0003596624		 | 0.98
 696		 | 0.0003577559		 | 1.01
 697		 | 0.0003582242		 | 1.00
 698		 | 0.0003646185		 | 0.98
 699		 | 0.0003410102		 | 1.07
 700		 | 0.0003438400		 | 0.99
 701		 | 0.0003392798		 | 1.01
 702		 | 0.0003427966		 | 0.99
 703		 | 0.0003428574		 | 1.00
 704		 | 0.0003271302		 | 1.05
 705		 | 0.0003305803		 | 0.99
 706		 | 0.0003374661		 | 0.98
 707		 | 0.0003418366		 | 0.99
 708		 | 0.0003277362		 | 1.04
 709		 | 0.0003369498		 | 0.97
 710		 | 0.0003429038		 | 0.98
 711		 | 0.0003339801		 | 1.03
 712		 | 0.0003373449		 | 0.99
 713		 | 0.0003272929		 | 1.03
 714		 | 0.0003309515		 | 0.99
 715		 | 0.0003288991		 | 1.01
 716		 | 0.0003170258		 | 1.04
 717		 | 0.0003186130		 | 1.00
 718		 | 0.0003450096		 | 0.92
 719		 | 0.0003251854		 | 1.06
 720		 | 0.0003236584		 | 1.00
 721		 | 0.0003182183		 | 1.02
 722		 | 0.0003051317		 | 1.04
 723		 | 0.0003094495		 | 0.99
 724		 | 0.0002972199		 | 1.04
 725		 | 0.0002880776		 | 1.03
 726		 | 0.0003002389		 | 0.96
 727		 | 0.0002948180		 | 1.02
 728		 | 0.0002886548		 | 1.02
 729		 | 0.0002979198		 | 0.97
 730		 | 0.0002973699		 | 1.00
 731		 | 0.0002821757		 | 1.05
 732		 | 0.0002816334		 | 1.00
 733		 | 0.0002899301		 | 0.97
 734		 | 0.0002989617		 | 0.97
 735		 | 0.0002793161		 | 1.07
 736		 | 0.0002926306		 | 0.95
 737		 | 0.0002786520		 | 1.05
 738		 | 0.0002855157		 | 0.98
 739		 | 0.0002711910		 | 1.05
 740		 | 0.0002604682		 | 1.04
 741		 | 0.0002813624		 | 0.93
 742		 | 0.0002811362		 | 1.00
 743		 | 0.0002768523		 | 1.02
 744		 | 0.0002749567		 | 1.01
 745		 | 0.0002804218		 | 0.98
 746		 | 0.0003125624		 | 0.90
 747		 | 0.0002908766		 | 1.07
 748		 | 0.0002761158		 | 1.05
 749		 | 0.0002807538		 | 0.98
 750		 | 0.0002826087		 | 0.99
 751		 | 0.0002771918		 | 1.02
 752		 | 0.0002559958		 | 1.08
 753		 | 0.0002749692		 | 0.93
 754		 | 0.0002721689		 | 1.01
 755		 | 0.0002722348		 | 1.00
 756		 | 0.0002449539		 | 1.11
 757		 | 0.0002584165		 | 0.95
 758		 | 0.0002596831		 | 1.00
 759		 | 0.0002525738		 | 1.03
 760		 | 0.0002427248		 | 1.04
 761		 | 0.0002471959		 | 0.98
 762		 | 0.0002476103		 | 1.00
 763		 | 0.0002553505		 | 0.97
 764		 | 0.0002444291		 | 1.04
 765		 | 0.0002345705		 | 1.04
 766		 | 0.0002502074		 | 0.94
 767		 | 0.0002440268		 | 1.03
 768		 | 0.0002384770		 | 1.02
 769		 | 0.0002389545		 | 1.00
 770		 | 0.0002258304		 | 1.06
 771		 | 0.0002361123		 | 0.96
 772		 | 0.0002378016		 | 0.99
 773		 | 0.0002299726		 | 1.03
 774		 | 0.0002434833		 | 0.94
 775		 | 0.0002384341		 | 1.02
 776		 | 0.0002330622		 | 1.02
 777		 | 0.0002355655		 | 0.99
 778		 | 0.0002199900		 | 1.07
 779		 | 0.0002118994		 | 1.04
 780		 | 0.0002253920		 | 0.94
 781		 | 0.0002226819		 | 1.01
 782		 | 0.0002287022		 | 0.97
 783		 | 0.0002324383		 | 0.98
 784		 | 0.0002335105		 | 1.00
 785		 | 0.0002279846		 | 1.02
 786		 | 0.0002252208		 | 1.01
 787		 | 0.0002041788		 | 1.10
 788		 | 0.0002207980		 | 0.92
 789		 | 0.0002120825		 | 1.04
 790		 | 0.0002090519		 | 1.01
 791		 | 0.0002161335		 | 0.97
 792		 | 0.0002095297		 | 1.03
 793		 | 0.0002024205		 | 1.04
 794		 | 0.0002010130		 | 1.01
 795		 | 0.0002017729		 | 1.00
 796		 | 0.0002107839		 | 0.96
 797		 | 0.0002292710		 | 0.92
 798		 | 0.0002202590		 | 1.04
 799		 | 0.0002044576		 | 1.08
 800		 | 0.0002052549		 | 1.00
 801		 | 0.0001947717		 | 1.05
 802		 | 0.0002015475		 | 0.97
 803		 | 0.0001933204		 | 1.04
 804		 | 0.0001951413		 | 0.99
 805		 | 0.0001907097		 | 1.02
 806		 | 0.0001924292		 | 0.99
 807		 | 0.0001828641		 | 1.05
 808		 | 0.0001767426		 | 1.03
 809		 | 0.0001803596		 | 0.98
 810		 | 0.0001834417		 | 0.98
 811		 | 0.0001936002		 | 0.95
 812		 | 0.0002058899		 | 0.94
 813		 | 0.0001940316		 | 1.06
 814		 | 0.0001845333		 | 1.05
 815		 | 0.0001626472		 | 1.13
 816		 | 0.0001758740		 | 0.92
 817		 | 0.0001869443		 | 0.94
 818		 | 0.0001859700		 | 1.01
 819		 | 0.0001724512		 | 1.08
 820		 | 0.0001791481		 | 0.96
 821		 | 0.0001979883		 | 0.90
 822		 | 0.0001974452		 | 1.00
 823		 | 0.0001822881		 | 1.08
 824		 | 0.0001639209		 | 1.11
 825		 | 0.0001779343		 | 0.92
 826		 | 0.0001821166		 | 0.98
 827		 | 0.0001719764		 | 1.06
 828		 | 0.0001744187		 | 0.99
 829		 | 0.0001745167		 | 1.00
 830		 | 0.0001652900		 | 1.06
 831		 | 0.0001672285		 | 0.99
 832		 | 0.0001540347		 | 1.09
 833		 | 0.0001652889		 | 0.93
 834		 | 0.0001730670		 | 0.96
 835		 | 0.0001691270		 | 1.02
 836		 | 0.0001512082		 | 1.12
 837		 | 0.0001603884		 | 0.94
 838		 | 0.0001841545		 | 0.87
 839		 | 0.0001683086		 | 1.09
 840		 | 0.0001659118		 | 1.01
 841		 | 0.0001726368		 | 0.96
 842		 | 0.0001643559		 | 1.05
 843		 | 0.0001483195		 | 1.11
 844		 | 0.0000018304		 | 81.03
 845		 | 0.0001181855		 | 0.02
 846		 | 0.0001439878		 | 0.82
 847		 | 0.0001559884		 | 0.92
 848		 | 0.0001492448		 | 1.05
 849		 | 0.0001403582		 | 1.06
 850		 | 0.0001627838		 | 0.86
 851		 | 0.0001575988		 | 1.03
 852		 | 0.0001433229		 | 1.10
 853		 | 0.0001478281		 | 0.97
 854		 | 0.0001449535		 | 1.02
 855		 | 0.0001451023		 | 1.00
 856		 | 0.0001302447		 | 1.11
 857		 | 0.0001313111		 | 0.99
 858		 | 0.0001308220		 | 1.00
 859		 | 0.0001356234		 | 0.96
 860		 | 0.0001403098		 | 0.97
 861		 | 0.0001326443		 | 1.06
 862		 | 0.0001437323		 | 0.92
 863		 | 0.0001442884		 | 1.00
 864		 | 0.0001293510		 | 1.12
 865		 | 0.0001358495		 | 0.95
 866		 | 0.0001444547		 | 0.94
 867		 | 0.0001454942		 | 0.99
 868		 | 0.0001414571		 | 1.03
 869		 | 0.0001233356		 | 1.15
 870		 | 0.0001268531		 | 0.97
 871		 | 0.0001339995		 | 0.95
 872		 | 0.0001281153		 | 1.05
 873		 | 0.0001082372		 | 1.18
 874		 | 0.0001225676		 | 0.88
 875		 | 0.0001214041		 | 1.01
 876		 | 0.0001264708		 | 0.96
 877		 | 0.0001242151		 | 1.02
 878		 | 0.0001196700		 | 1.04
 879		 | 0.0001126609		 | 1.06
 880		 | 0.0001148963		 | 0.98
 881		 | 0.0001118851		 | 1.03
 882		 | 0.0001228528		 | 0.91
 883		 | 0.0001132765		 | 1.08
 884		 | 0.0001105340		 | 1.02
 885		 | 0.0001100463		 | 1.00
 886		 | 0.0001023069		 | 1.08
 887		 | 0.0001038335		 | 0.99
 888		 | 0.0001122690		 | 0.92
 889		 | 0.0001060017		 | 1.06
 890		 | 0.0001081076		 | 0.98
 891		 | 0.0001145873		 | 0.94
 892		 | 0.0001154184		 | 0.99
 893		 | 0.0000993612		 | 1.16
 894		 | 0.0000978779		 | 1.02
 895		 | 0.0000966130		 | 1.01
 896		 | 0.0001009205		 | 0.96
 897		 | 0.0001038205		 | 0.97
 898		 | 0.0000954023		 | 1.09
 899		 | 0.0000931186		 | 1.02
 900		 | 0.0000995387		 | 0.94
 901		 | 0.0000991494		 | 1.00
 902		 | 0.0001056003		 | 0.94
 903		 | 0.0001050507		 | 1.01
 904		 | 0.0001037554		 | 1.01
 905		 | 0.0001041666		 | 1.00
 906		 | 0.0000999789		 | 1.04
 907		 | 0.0000930363		 | 1.07
 908		 | 0.0000915170		 | 1.02
 909		 | 0.0000906374		 | 1.01
 910		 | 0.0000908928		 | 1.00
 911		 | 0.0000966404		 | 0.94
 912		 | 0.0000934342		 | 1.03
 913		 | 0.0000964465		 | 0.97
 914		 | 0.0000796506		 | 1.21
 915		 | 0.0000761420		 | 1.05
 916		 | 0.0000886665		 | 0.86
 917		 | 0.0000874611		 | 1.01
 918		 | 0.0000898643		 | 0.97
 919		 | 0.0000819473		 | 1.10
 920		 | 0.0000828193		 | 0.99
 921		 | 0.0000823831		 | 1.01
 922		 | 0.0000804251		 | 1.02
 923		 | 0.0000756404		 | 1.06
 924		 | 0.0000742417		 | 1.02
 925		 | 0.0000801646		 | 0.93
 926		 | 0.0000777013		 | 1.03
 927		 | 0.0000757109		 | 1.03
 928		 | 0.0000764612		 | 0.99
 929		 | 0.0000754024		 | 1.01
 930		 | 0.0000765439		 | 0.99
 931		 | 0.0000734799		 | 1.04
 932		 | 0.0000622004		 | 1.18
 933		 | 0.0000792489		 | 0.78
 934		 | 0.0000815664		 | 0.97
 935		 | 0.0000774069		 | 1.05
 936		 | 0.0000663540		 | 1.17
 937		 | 0.0000744137		 | 0.89
 938		 | 0.0000699113		 | 1.06
 939		 | 0.0000702027		 | 1.00
 940		 | 0.0000714542		 | 0.98
 941		 | 0.0000683363		 | 1.05
 942		 | 0.0000830531		 | 0.82
 943		 | 0.0000720901		 | 1.15
 944		 | 0.0000602844		 | 1.20
 945		 | 0.0000654478		 | 0.92
 946		 | 0.0000637651		 | 1.03
 947		 | 0.0000770215		 | 0.83
 948		 | 0.0000703090		 | 1.10
 949		 | 0.0000592549		 | 1.19
 950		 | 0.0000666464		 | 0.89
 951		 | 0.0000550400		 | 1.21
 952		 | 0.0000680263		 | 0.81
 953		 | 0.0000559138		 | 1.22
 954		 | 0.0000713623		 | 0.78
 955		 | 0.0000620256		 | 1.15
 956		 | 0.0000599330		 | 1.03
 957		 | 0.0000626701		 | 0.96
 958		 | 0.0000530685		 | 1.18
 959		 | 0.0000468641		 | 1.13
 960		 | 0.0000447959		 | 1.05
 961		 | 0.0000401971		 | 1.11
 962		 | 0.0000974723		 | 0.41
 963		 | 0.0000455835		 | 2.14
 964		 | 0.0000440458		 | 1.03
 965		 | 0.0000417203		 | 1.06
 966		 | 0.0000388693		 | 1.07
 967		 | 0.0000502978		 | 0.77
 968		 | 0.0000496393		 | 1.01
 969		 | 0.0000510199		 | 0.97
 970		 | 0.0000570330		 | 0.89
 971		 | 0.0000415748		 | 1.37
 972		 | 0.0000509301		 | 0.82
 973		 | 0.0000384107		 | 1.33
 974		 | 0.0000455424		 | 0.84
 975		 | 0.0000413966		 | 1.10
 976		 | 0.0000383866		 | 1.08
 977		 | 0.0000569213		 | 0.67
 978		 | 0.0000448550		 | 1.27
 979		 | 0.0000408235		 | 1.10
 980		 | 0.0000363935		 | 1.12
 981		 | 0.0000431701		 | 0.84
 982		 | 0.0000579563		 | 0.74
 983		 | 0.0000464004		 | 1.25
 984		 | 0.0000553334		 | 0.84
 985		 | 0.0000478473		 | 1.16
 986		 | 0.0000409734		 | 1.17
 987		 | 0.0000437297		 | 0.94
 988		 | 0.0000349086		 | 1.25
 989		 | 0.0000414966		 | 0.84
 990		 | 0.0000420494		 | 0.99
 991		 | 0.0000406842		 | 1.03
 992		 | 0.0000261361		 | 1.56
 993		 | 0.0000281063		 | 0.93
 994		 | 0.0000309770		 | 0.91
 995		 | 0.0000310797		 | 1.00
 996		 | 0.0000302929		 | 1.03
 997		 | 0.0000287835		 | 1.05
 998		 | 0.0000315979		 | 0.91
 999		 | 0.0000324337		 | 0.97
1000		 | 0.0000288214		 | 1.13