Resize Kernel: Bicubic b 0.33 c 0.33
Native resolution(s) (best guess): 864p
Please check the graph manually for more accurate results

Raw data:
Resolution	 | Relative Error	 | Relative difference from last
 500		 | 0.0027052780		 | 0.00
 501		 | 0.0026798950		 | 1.01
 502		 | 0.0026895520		 | 1.00
 503		 | 0.0026588739		 | 1.01
 504		 | 0.0026284865		 | 1.01
 505		 | 0.0026090454		 | 1.01
 506		 | 0.0026169129		 | 1.00
 507		 | 0.0026056838		 | 1.00
 508		 | 0.0026180781		 | 1.00
 509		 | 0.0025706922		 | 1.02
 510		 | 0.0025712277		 | 1.00
 511		 | 0.0025519221		 | 1.01
 512		 | 0.0025235375		 | 1.01
 513		 | 0.0025298785		 | 1.00
 514		 | 0.0025011823		 | 1.01
 515		 | 0.0025001729		 | 1.00
 516		 | 0.0024709313		 | 1.01
 517		 | 0.0024847293		 | 0.99
 518		 | 0.0024688237		 | 1.01
 519		 | 0.0024420792		 | 1.01
 520		 | 0.0024206517		 | 1.01
 521		 | 0.0024137082		 | 1.00
 522		 | 0.0023950413		 | 1.01
 523		 | 0.0023782534		 | 1.01
 524		 | 0.0024050665		 | 0.99
 525		 | 0.0023652707		 | 1.02
 526		 | 0.0023503289		 | 1.01
 527		 | 0.0023302052		 | 1.01
 528		 | 0.0023181938		 | 1.01
 529		 | 0.0023369440		 | 0.99
 530		 | 0.0022914645		 | 1.02
 531		 | 0.0022912926		 | 1.00
 532		 | 0.0022581292		 | 1.01
 533		 | 0.0022695282		 | 0.99
 534		 | 0.0022445542		 | 1.01
 535		 | 0.0022487067		 | 1.00
 536		 | 0.0022276777		 | 1.01
 537		 | 0.0022259450		 | 1.00
 538		 | 0.0022085439		 | 1.01
 539		 | 0.0021981133		 | 1.00
 540		 | 0.0021965319		 | 1.00
 541		 | 0.0021513825		 | 1.02
 542		 | 0.0021619055		 | 1.00
 543		 | 0.0021605009		 | 1.00
 544		 | 0.0021591824		 | 1.00
 545		 | 0.0021221971		 | 1.02
 546		 | 0.0021183667		 | 1.00
 547		 | 0.0020869574		 | 1.02
 548		 | 0.0020961107		 | 1.00
 549		 | 0.0020761443		 | 1.01
 550		 | 0.0020626259		 | 1.01
 551		 | 0.0020455935		 | 1.01
 552		 | 0.0020399417		 | 1.00
 553		 | 0.0020414263		 | 1.00
 554		 | 0.0020170618		 | 1.01
 555		 | 0.0020234556		 | 1.00
 556		 | 0.0019842102		 | 1.02
 557		 | 0.0020026965		 | 0.99
 558		 | 0.0019859933		 | 1.01
 559		 | 0.0019750512		 | 1.01
 560		 | 0.0019417555		 | 1.02
 561		 | 0.0019354869		 | 1.00
 562		 | 0.0019411812		 | 1.00
 563		 | 0.0019503697		 | 1.00
 564		 | 0.0019251851		 | 1.01
 565		 | 0.0018977972		 | 1.01
 566		 | 0.0018926305		 | 1.00
 567		 | 0.0018697504		 | 1.01
 568		 | 0.0018768926		 | 1.00
 569		 | 0.0018782651		 | 1.00
 570		 | 0.0018623110		 | 1.01
 571		 | 0.0018427929		 | 1.01
 572		 | 0.0018291357		 | 1.01
 573		 | 0.0018182370		 | 1.01
 574		 | 0.0018203738		 | 1.00
 575		 | 0.0017938512		 | 1.01
 576		 | 0.0017986267		 | 1.00
 577		 | 0.0017723329		 | 1.01
 578		 | 0.0017661810		 | 1.00
 579		 | 0.0017849600		 | 0.99
 580		 | 0.0017576974		 | 1.02
 581		 | 0.0017473510		 | 1.01
 582		 | 0.0017392580		 | 1.00
 583		 | 0.0017238508		 | 1.01
 584		 | 0.0017401435		 | 0.99
 585		 | 0.0017057744		 | 1.02
 586		 | 0.0016880904		 | 1.01
 587		 | 0.0016854360		 | 1.00
 588		 | 0.0016934420		 | 1.00
 589		 | 0.0016588969		 | 1.02
 590		 | 0.0016803995		 | 0.99
 591		 | 0.0016485541		 | 1.02
 592		 | 0.0016433766		 | 1.00
 593		 | 0.0016433731		 | 1.00
 594		 | 0.0016237988		 | 1.01
 595		 | 0.0016123410		 | 1.01
 596		 | 0.0015927556		 | 1.01
 597		 | 0.0015952648		 | 1.00
 598		 | 0.0016000355		 | 1.00
 599		 | 0.0015874526		 | 1.01
 600		 | 0.0015626621		 | 1.02
 601		 | 0.0015689014		 | 1.00
 602		 | 0.0015399263		 | 1.02
 603		 | 0.0015491151		 | 0.99
 604		 | 0.0015388170		 | 1.01
 605		 | 0.0015285822		 | 1.01
 606		 | 0.0015259592		 | 1.00
 607		 | 0.0015069685		 | 1.01
 608		 | 0.0015200212		 | 0.99
 609		 | 0.0014896747		 | 1.02
 610		 | 0.0014823106		 | 1.00
 611		 | 0.0014785901		 | 1.00
 612		 | 0.0014832027		 | 1.00
 613		 | 0.0014670740		 | 1.01
 614		 | 0.0014646892		 | 1.00
 615		 | 0.0014504680		 | 1.01
 616		 | 0.0014373270		 | 1.01
 617		 | 0.0014403360		 | 1.00
 618		 | 0.0014234831		 | 1.01
 619		 | 0.0014228353		 | 1.00
 620		 | 0.0014007892		 | 1.02
 621		 | 0.0014043992		 | 1.00
 622		 | 0.0013964253		 | 1.01
 623		 | 0.0013930862		 | 1.00
 624		 | 0.0013844755		 | 1.01
 625		 | 0.0013637543		 | 1.02
 626		 | 0.0013531235		 | 1.01
 627		 | 0.0013674510		 | 0.99
 628		 | 0.0013544361		 | 1.01
 629		 | 0.0013434549		 | 1.01
 630		 | 0.0013250070		 | 1.01
 631		 | 0.0013149469		 | 1.01
 632		 | 0.0013272735		 | 0.99
 633		 | 0.0013167206		 | 1.01
 634		 | 0.0013043816		 | 1.01
 635		 | 0.0012930716		 | 1.01
 636		 | 0.0012879112		 | 1.00
 637		 | 0.0012858497		 | 1.00
 638		 | 0.0012767821		 | 1.01
 639		 | 0.0012713342		 | 1.00
 640		 | 0.0012610982		 | 1.01
 641		 | 0.0012515047		 | 1.01
 642		 | 0.0012564748		 | 1.00
 643		 | 0.0012583306		 | 1.00
 644		 | 0.0012309999		 | 1.02
 645		 | 0.0012246470		 | 1.01
 646		 | 0.0012224882		 | 1.00
 647		 | 0.0012071174		 | 1.01
 648		 | 0.0012278573		 | 0.98
 649		 | 0.0011877736		 | 1.03
 650		 | 0.0011877852		 | 1.00
 651		 | 0.0011789250		 | 1.01
 652		 | 0.0011806779		 | 1.00
 653		 | 0.0011861086		 | 1.00
 654		 | 0.0011817051		 | 1.00
 655		 | 0.0011532415		 | 1.02
 656		 | 0.0011653056		 | 0.99
 657		 | 0.0011479325		 | 1.02
 658		 | 0.0011363604		 | 1.01
 659		 | 0.0011360792		 | 1.00
 660		 | 0.0011348755		 | 1.00
 661		 | 0.0011245986		 | 1.01
 662		 | 0.0011223995		 | 1.00
 663		 | 0.0011060701		 | 1.01
 664		 | 0.0011030496		 | 1.00
 665		 | 0.0010982092		 | 1.00
 666		 | 0.0010990882		 | 1.00
 667		 | 0.0010863785		 | 1.01
 668		 | 0.0010807384		 | 1.01
 669		 | 0.0010762798		 | 1.00
 670		 | 0.0010808136		 | 1.00
 671		 | 0.0010635968		 | 1.02
 672		 | 0.0010614236		 | 1.00
 673		 | 0.0010510506		 | 1.01
 674		 | 0.0010482251		 | 1.00
 675		 | 0.0010449674		 | 1.00
 676		 | 0.0010242522		 | 1.02
 677		 | 0.0010267253		 | 1.00
 678		 | 0.0010227236		 | 1.00
 679		 | 0.0010264100		 | 1.00
 680		 | 0.0010065730		 | 1.02
 681		 | 0.0010100149		 | 1.00
 682		 | 0.0010044577		 | 1.01
 683		 | 0.0009989770		 | 1.01
 684		 | 0.0010009580		 | 1.00
 685		 | 0.0009860483		 | 1.02
 686		 | 0.0009821302		 | 1.00
 687		 | 0.0009764852		 | 1.01
 688		 | 0.0009772771		 | 1.00
 689		 | 0.0009681513		 | 1.01
 690		 | 0.0009628795		 | 1.01
 691		 | 0.0009550905		 | 1.01
 692		 | 0.0009486428		 | 1.01
 693		 | 0.0009347059		 | 1.01
 694		 | 0.0009354727		 | 1.00
 695		 | 0.0009467973		 | 0.99
 696		 | 0.0009313229		 | 1.02
 697		 | 0.0009263414		 | 1.01
 698		 | 0.0009196095		 | 1.01
 699		 | 0.0009207534		 | 1.00
 700		 | 0.0008989635		 | 1.02
 701		 | 0.0009033761		 | 1.00
 702		 | 0.0008995382		 | 1.00
 703		 | 0.0009022058		 | 1.00
 704		 | 0.0009023219		 | 1.00
 705		 | 0.0008986954		 | 1.00
 706		 | 0.0008741652		 | 1.03
 707		 | 0.0008712849		 | 1.00
 708		 | 0.0008711821		 | 1.00
 709		 | 0.0008706996		 | 1.00
 710		 | 0.0008665008		 | 1.00
 711		 | 0.0008560585		 | 1.01
 712		 | 0.0008563051		 | 1.00
 713		 | 0.0008451409		 | 1.01
 714		 | 0.0008539126		 | 0.99
 715		 | 0.0008367081		 | 1.02
 716		 | 0.0008334264		 | 1.00
 717		 | 0.0008488527		 | 0.98
 718		 | 0.0008188768		 | 1.04
 719		 | 0.0008238886		 | 0.99
 720		 | 0.0008110176		 | 1.02
 721		 | 0.0008141390		 | 1.00
 722		 | 0.0008096329		 | 1.01
 723		 | 0.0008186601		 | 0.99
 724		 | 0.0008079408		 | 1.01
 725		 | 0.0007964331		 | 1.01
 726		 | 0.0008044482		 | 0.99
 727		 | 0.0007879107		 | 1.02
 728		 | 0.0007895211		 | 1.00
 729		 | 0.0007764226		 | 1.02
 730		 | 0.0007862565		 | 0.99
 731		 | 0.0007815613		 | 1.01
 732		 | 0.0007751184		 | 1.01
 733		 | 0.0007598668		 | 1.02
 734		 | 0.0007544043		 | 1.01
 735		 | 0.0007573300		 | 1.00
 736		 | 0.0007547723		 | 1.00
 737		 | 0.0007496831		 | 1.01
 738		 | 0.0007484183		 | 1.00
 739		 | 0.0007294723		 | 1.03
 740		 | 0.0007357107		 | 0.99
 741		 | 0.0007438789		 | 0.99
 742		 | 0.0007366593		 | 1.01
 743		 | 0.0007408065		 | 0.99
 744		 | 0.0007307633		 | 1.01
 745		 | 0.0007166700		 | 1.02
 746		 | 0.0007293706		 | 0.98
 747		 | 0.0007180895		 | 1.02
 748		 | 0.0007180291		 | 1.00
 749		 | 0.0007100029		 | 1.01
 750		 | 0.0007229078		 | 0.98
 751		 | 0.0007104345		 | 1.02
 752		 | 0.0007015436		 | 1.01
 753		 | 0.0006872924		 | 1.02
 754		 | 0.0006877594		 | 1.00
 755		 | 0.0006867862		 | 1.00
 756		 | 0.0007060068		 | 0.97
 757		 | 0.0006794595		 | 1.04
 758		 | 0.0006869245		 | 0.99
 759		 | 0.0006756087		 | 1.02
 760		 | 0.0006738723		 | 1.00
 761		 | 0.0006680190		 | 1.01
 762		 | 0.0006635622		 | 1.01
 763		 | 0.0006501786		 | 1.02
 764		 | 0.0006588594		 | 0.99
 765		 | 0.0006678907		 | 0.99
 766		 | 0.0006412180		 | 1.04
 767		 | 0.0006577168		 | 0.97
 768		 | 0.0006389406		 | 1.03
 769		 | 0.0006485635		 | 0.99
 770		 | 0.0006522413		 | 0.99
 771		 | 0.0006437286		 | 1.01
 772		 | 0.0006242139		 | 1.03
 773		 | 0.0006362973		 | 0.98
 774		 | 0.0006187937		 | 1.03
 775		 | 0.0006336937		 | 0.98
 776		 | 0.0006208226		 | 1.02
 777		 | 0.0006120776		 | 1.01
 778		 | 0.0006121099		 | 1.00
 779		 | 0.0006358563		 | 0.96
 780		 | 0.0006082073		 | 1.05
 781		 | 0.0006038343		 | 1.01
 782		 | 0.0005921283		 | 1.02
 783		 | 0.0005989771		 | 0.99
 784		 | 0.0005911048		 | 1.01
 785		 | 0.0006330638		 | 0.93
 786		 | 0.0006102128		 | 1.04
 787		 | 0.0005858180		 | 1.04
 788		 | 0.0005773385		 | 1.01
 789		 | 0.0005884444		 | 0.98
 790		 | 0.0005867392		 | 1.00
 791		 | 0.0005576545		 | 1.05
 792		 | 0.0005693926		 | 0.98
 793		 | 0.0005607756		 | 1.02
 794		 | 0.0005699649		 | 0.98
 795		 | 0.0005659285		 | 1.01
 796		 | 0.0005570589		 | 1.02
 797		 | 0.0005756819		 | 0.97
 798		 | 0.0005520981		 | 1.04
 799		 | 0.0005462484		 | 1.01
 800		 | 0.0005589997		 | 0.98
 801		 | 0.0005559826		 | 1.01
 802		 | 0.0005284025		 | 1.05
 803		 | 0.0005393770		 | 0.98
 804		 | 0.0005468281		 | 0.99
 805		 | 0.0005328424		 | 1.03
 806		 | 0.0005412674		 | 0.98
 807		 | 0.0005259222		 | 1.03
 808		 | 0.0005490946		 | 0.96
 809		 | 0.0004995805		 | 1.10
 810		 | 0.0005258922		 | 0.95
 811		 | 0.0005296052		 | 0.99
 812		 | 0.0005171544		 | 1.02
 813		 | 0.0005222538		 | 0.99
 814		 | 0.0005005069		 | 1.04
 815		 | 0.0005179302		 | 0.97
 816		 | 0.0005126915		 | 1.01
 817		 | 0.0004977539		 | 1.03
 818		 | 0.0005032177		 | 0.99
 819		 | 0.0004883812		 | 1.03
 820		 | 0.0004789662		 | 1.02
 821		 | 0.0004834317		 | 0.99
 822		 | 0.0004810246		 | 1.01
 823		 | 0.0004896738		 | 0.98
 824		 | 0.0004763099		 | 1.03
 825		 | 0.0004757739		 | 1.00
 826		 | 0.0004619787		 | 1.03
 827		 | 0.0005014977		 | 0.92
 828		 | 0.0004887448		 | 1.03
 829		 | 0.0004431501		 | 1.10
 830		 | 0.0004746612		 | 0.93
 831		 | 0.0004615051		 | 1.03
 832		 | 0.0004750705		 | 0.97
 833		 | 0.0004452298		 | 1.07
 834		 | 0.0004587015		 | 0.97
 835		 | 0.0004268838		 | 1.07
 836		 | 0.0004832748		 | 0.88
 837		 | 0.0004445373		 | 1.09
 838		 | 0.0004155474		 | 1.07
 839		 | 0.0004525391		 | 0.92
 840		 | 0.0004473664		 | 1.01
 841		 | 0.0004409426		 | 1.01
 842		 | 0.0004593267		 | 0.96
 843		 | 0.0004317939		 | 1.06
 844		 | 0.0004154473		 | 1.04
 845		 | 0.0004270867		 | 0.97
 846		 | 0.0003990576		 | 1.07
 847		 | 0.0004461881		 | 0.89
 848		 | 0.0004165955		 | 1.07
 849		 | 0.0004238248		 | 0.98
 850		 | 0.0003909730		 | 1.08
 851		 | 0.0004113035		 | 0.95
 852		 | 0.0004320098		 | 0.95
 853		 | 0.0004052310		 | 1.07
 854		 | 0.0004181703		 | 0.97
 855		 | 0.0003591921		 | 1.16
 856		 | 0.0004205870		 | 0.85
 857		 | 0.0004159924		 | 1.01
 858		 | 0.0004329160		 | 0.96
 859		 | 0.0003380214		 | 1.28
 860		 | 0.0003826906		 | 0.88
 861		 | 0.0004304845		 | 0.89
 862		 | 0.0003959867		 | 1.09
 863		 | 0.0004761177		 | 0.83
 864		 | 0.0000002537		 | 1876.37
 865		 | 0.0004688509		 | 0.00
 866		 | 0.0003780076		 | 1.24
 867		 | 0.0004336983		 | 0.87
 868		 | 0.0003787744		 | 1.15
 869		 | 0.0003002569		 | 1.26
 870		 | 0.0003882930		 | 0.77
 871		 | 0.0003812988		 | 1.02
 872		 | 0.0003882645		 | 0.98
 873		 | 0.0003171885		 | 1.22
 874		 | 0.0003630472		 | 0.87
 875		 | 0.0003484694		 | 1.04
 876		 | 0.0003524169		 | 0.99
 877		 | 0.0003708280		 | 0.95
 878		 | 0.0003341232		 | 1.11
 879		 | 0.0003355597		 | 1.00
 880		 | 0.0003326073		 | 1.01
 881		 | 0.0003638103		 | 0.91
 882		 | 0.0003267902		 | 1.11
 883		 | 0.0003353568		 | 0.97
 884		 | 0.0003157435		 | 1.06
 885		 | 0.0003086730		 | 1.02
 886		 | 0.0003537172		 | 0.87
 887		 | 0.0003337724		 | 1.06
 888		 | 0.0003214872		 | 1.04
 889		 | 0.0003273319		 | 0.98
 890		 | 0.0002959158		 | 1.11
 891		 | 0.0003121267		 | 0.95
 892		 | 0.0003365494		 | 0.93
 893		 | 0.0002884287		 | 1.17
 894		 | 0.0003012014		 | 0.96
 895		 | 0.0003002728		 | 1.00
 896		 | 0.0003004333		 | 1.00
 897		 | 0.0003077334		 | 0.98
 898		 | 0.0003087613		 | 1.00
 899		 | 0.0002791816		 | 1.11
 900		 | 0.0003094196		 | 0.90
 901		 | 0.0003138321		 | 0.99
 902		 | 0.0002829435		 | 1.11
 903		 | 0.0002857565		 | 0.99
 904		 | 0.0002873751		 | 0.99
 905		 | 0.0002980525		 | 0.96
 906		 | 0.0002767407		 | 1.08
 907		 | 0.0002768270		 | 1.00
 908		 | 0.0002698874		 | 1.03
 909		 | 0.0002710094		 | 1.00
 910		 | 0.0002760374		 | 0.98
 911		 | 0.0002714747		 | 1.02
 912		 | 0.0002829925		 | 0.96
 913		 | 0.0002731807		 | 1.04
 914		 | 0.0002633889		 | 1.04
 915		 | 0.0002645794		 | 1.00
 916		 | 0.0002627230		 | 1.01
 917		 | 0.0002680544		 | 0.98
 918		 | 0.0002619657		 | 1.02
 919		 | 0.0002386235		 | 1.10
 920		 | 0.0002740393		 | 0.87
 921		 | 0.0002601567		 | 1.05
 922		 | 0.0002446798		 | 1.06
 923		 | 0.0002454305		 | 1.00
 924		 | 0.0002488509		 | 0.99
 925		 | 0.0002466107		 | 1.01
 926		 | 0.0002364729		 | 1.04
 927		 | 0.0002426267		 | 0.97
 928		 | 0.0002424898		 | 1.00
 929		 | 0.0002279595		 | 1.06
 930		 | 0.0002268550		 | 1.00
 931		 | 0.0002312109		 | 0.98
 932		 | 0.0002391313		 | 0.97
 933		 | 0.0002208551		 | 1.08
 934		 | 0.0002251064		 | 0.98
 935		 | 0.0002111206		 | 1.07
 936		 | 0.0002210578		 | 0.96
 937		 | 0.0002121560		 | 1.04
 938		 | 0.0002170677		 | 0.98
 939		 | 0.0002228313		 | 0.97
 940		 | 0.0002108193		 | 1.06
 941		 | 0.0002048912		 | 1.03
 942		 | 0.0002054400		 | 1.00
 943		 | 0.0002237161		 | 0.92
 944		 | 0.0002008185		 | 1.11
 945		 | 0.0001972227		 | 1.02
 946		 | 0.0001977080		 | 1.00
 947		 | 0.0001989375		 | 0.99
 948		 | 0.0001868078		 | 1.06
 949		 | 0.0001861891		 | 1.00
 950		 | 0.0001974307		 | 0.94
 951		 | 0.0001834583		 | 1.08
 952		 | 0.0001967140		 | 0.93
 953		 | 0.0001911529		 | 1.03
 954		 | 0.0001753620		 | 1.09
 955		 | 0.0001730837		 | 1.01
 956		 | 0.0001732498		 | 1.00
 957		 | 0.0001805471		 | 0.96
 958		 | 0.0001901702		 | 0.95
 959		 | 0.0001914316		 | 0.99
 960		 | 0.0001694109		 | 1.13
 961		 | 0.0001621582		 | 1.04
 962		 | 0.0001745654		 | 0.93
 963		 | 0.0001851006		 | 0.94
 964		 | 0.0001677397		 | 1.10
 965		 | 0.0001664821		 | 1.01
 966		 | 0.0001709826		 | 0.97
 967		 | 0.0001777572		 | 0.96
 968		 | 0.0001616908		 | 1.10
 969		 | 0.0001341600		 | 1.21
 970		 | 0.0001607231		 | 0.83
 971		 | 0.0001495057		 | 1.08
 972		 | 0.0002747054		 | 0.54
 973		 | 0.0001493590		 | 1.84
 974		 | 0.0001500215		 | 1.00
 975		 | 0.0001360309		 | 1.10
 976		 | 0.0001343929		 | 1.01
 977		 | 0.0001523245		 | 0.88
 978		 | 0.0001504629		 | 1.01
 979		 | 0.0001384138		 | 1.09
 980		 | 0.0001408891		 | 0.98
 981		 | 0.0001496739		 | 0.94
 982		 | 0.0001355830		 | 1.10
 983		 | 0.0001252018		 | 1.08
 984		 | 0.0001248614		 | 1.00
 985		 | 0.0001411454		 | 0.88
 986		 | 0.0001345264		 | 1.05
 987		 | 0.0001406547		 | 0.96
 988		 | 0.0001192423		 | 1.18
 989		 | 0.0001174266		 | 1.02
 990		 | 0.0001138330		 | 1.03
 991		 | 0.0001225420		 | 0.93
 992		 | 0.0001276946		 | 0.96
 993		 | 0.0001112424		 | 1.15
 994		 | 0.0001143877		 | 0.97
 995		 | 0.0001178814		 | 0.97
 996		 | 0.0001096731		 | 1.07
 997		 | 0.0001120007		 | 0.98
 998		 | 0.0001055122		 | 1.06
 999		 | 0.0001005939		 | 1.05
1000		 | 0.0000961934		 | 1.05