Resize Kernel: Bicubic b 0.33 c 0.33
Native resolution(s) (best guess): 995p, 810p
Please check the graph manually for more accurate results

Raw data:
Resolution	 | Relative Error	 | Relative difference from last
 500		 | 0.0001476243		 | 0.00
 501		 | 0.0001472741		 | 1.00
 502		 | 0.0001408405		 | 1.05
 503		 | 0.0001440639		 | 0.98
 504		 | 0.0001446697		 | 1.00
 505		 | 0.0001395406		 | 1.04
 506		 | 0.0001321847		 | 1.06
 507		 | 0.0001309040		 | 1.01
 508		 | 0.0001353362		 | 0.97
 509		 | 0.0001368605		 | 0.99
 510		 | 0.0001315216		 | 1.04
 511		 | 0.0001314949		 | 1.00
 512		 | 0.0001308036		 | 1.01
 513		 | 0.0001265476		 | 1.03
 514		 | 0.0001297102		 | 0.98
 515		 | 0.0001291144		 | 1.00
 516		 | 0.0001279149		 | 1.01
 517		 | 0.0001219126		 | 1.05
 518		 | 0.0001224680		 | 1.00
 519		 | 0.0001263406		 | 0.97
 520		 | 0.0001225919		 | 1.03
 521		 | 0.0001162226		 | 1.05
 522		 | 0.0001186554		 | 0.98
 523		 | 0.0001211288		 | 0.98
 524		 | 0.0001142720		 | 1.06
 525		 | 0.0001137427		 | 1.00
 526		 | 0.0001160041		 | 0.98
 527		 | 0.0001178171		 | 0.98
 528		 | 0.0001096268		 | 1.07
 529		 | 0.0001125620		 | 0.97
 530		 | 0.0001156714		 | 0.97
 531		 | 0.0001077542		 | 1.07
 532		 | 0.0001055790		 | 1.02
 533		 | 0.0001094140		 | 0.96
 534		 | 0.0001087021		 | 1.01
 535		 | 0.0001076030		 | 1.01
 536		 | 0.0001021311		 | 1.05
 537		 | 0.0001040530		 | 0.98
 538		 | 0.0001073695		 | 0.97
 539		 | 0.0000995765		 | 1.08
 540		 | 0.0001017979		 | 0.98
 541		 | 0.0000990100		 | 1.03
 542		 | 0.0000979933		 | 1.01
 543		 | 0.0000970144		 | 1.01
 544		 | 0.0000955754		 | 1.02
 545		 | 0.0001001343		 | 0.95
 546		 | 0.0000942696		 | 1.06
 547		 | 0.0000945158		 | 1.00
 548		 | 0.0000941340		 | 1.00
 549		 | 0.0000954021		 | 0.99
 550		 | 0.0000893210		 | 1.07
 551		 | 0.0000912567		 | 0.98
 552		 | 0.0000905053		 | 1.01
 553		 | 0.0000929571		 | 0.97
 554		 | 0.0000875457		 | 1.06
 555		 | 0.0000875728		 | 1.00
 556		 | 0.0000879250		 | 1.00
 557		 | 0.0000844063		 | 1.04
 558		 | 0.0000852196		 | 0.99
 559		 | 0.0000881172		 | 0.97
 560		 | 0.0000838554		 | 1.05
 561		 | 0.0000825043		 | 1.02
 562		 | 0.0000823992		 | 1.00
 563		 | 0.0000835239		 | 0.99
 564		 | 0.0000820931		 | 1.02
 565		 | 0.0000777568		 | 1.06
 566		 | 0.0000809811		 | 0.96
 567		 | 0.0000802837		 | 1.01
 568		 | 0.0000760581		 | 1.06
 569		 | 0.0000797179		 | 0.95
 570		 | 0.0000793456		 | 1.00
 571		 | 0.0000763188		 | 1.04
 572		 | 0.0000750332		 | 1.02
 573		 | 0.0000736452		 | 1.02
 574		 | 0.0000778245		 | 0.95
 575		 | 0.0000724701		 | 1.07
 576		 | 0.0000681287		 | 1.06
 577		 | 0.0000729182		 | 0.93
 578		 | 0.0000733919		 | 0.99
 579		 | 0.0000730059		 | 1.01
 580		 | 0.0000681103		 | 1.07
 581		 | 0.0000692252		 | 0.98
 582		 | 0.0000706808		 | 0.98
 583		 | 0.0000669356		 | 1.06
 584		 | 0.0000671978		 | 1.00
 585		 | 0.0000663468		 | 1.01
 586		 | 0.0000647452		 | 1.02
 587		 | 0.0000668365		 | 0.97
 588		 | 0.0000660080		 | 1.01
 589		 | 0.0000641500		 | 1.03
 590		 | 0.0000645129		 | 0.99
 591		 | 0.0000598615		 | 1.08
 592		 | 0.0000653055		 | 0.92
 593		 | 0.0000620334		 | 1.05
 594		 | 0.0000589319		 | 1.05
 595		 | 0.0000609950		 | 0.97
 596		 | 0.0000616794		 | 0.99
 597		 | 0.0000608700		 | 1.01
 598		 | 0.0000586129		 | 1.04
 599		 | 0.0000582320		 | 1.01
 600		 | 0.0000599946		 | 0.97
 601		 | 0.0000558114		 | 1.07
 602		 | 0.0000578864		 | 0.96
 603		 | 0.0000574290		 | 1.01
 604		 | 0.0000550544		 | 1.04
 605		 | 0.0000542663		 | 1.01
 606		 | 0.0000540579		 | 1.00
 607		 | 0.0000562959		 | 0.96
 608		 | 0.0000559001		 | 1.01
 609		 | 0.0000502624		 | 1.11
 610		 | 0.0000532517		 | 0.94
 611		 | 0.0000533568		 | 1.00
 612		 | 0.0000499425		 | 1.07
 613		 | 0.0000505349		 | 0.99
 614		 | 0.0000508097		 | 0.99
 615		 | 0.0000504222		 | 1.01
 616		 | 0.0000509644		 | 0.99
 617		 | 0.0000478079		 | 1.07
 618		 | 0.0000504524		 | 0.95
 619		 | 0.0000474927		 | 1.06
 620		 | 0.0000460424		 | 1.03
 621		 | 0.0000479670		 | 0.96
 622		 | 0.0000480187		 | 1.00
 623		 | 0.0000451212		 | 1.06
 624		 | 0.0000445808		 | 1.01
 625		 | 0.0000467538		 | 0.95
 626		 | 0.0000466593		 | 1.00
 627		 | 0.0000438143		 | 1.06
 628		 | 0.0000450745		 | 0.97
 629		 | 0.0000437083		 | 1.03
 630		 | 0.0000427803		 | 1.02
 631		 | 0.0000421531		 | 1.01
 632		 | 0.0000428871		 | 0.98
 633		 | 0.0000431525		 | 0.99
 634		 | 0.0000421806		 | 1.02
 635		 | 0.0000396988		 | 1.06
 636		 | 0.0000428837		 | 0.93
 637		 | 0.0000417703		 | 1.03
 638		 | 0.0000398455		 | 1.05
 639		 | 0.0000393815		 | 1.01
 640		 | 0.0000407766		 | 0.97
 641		 | 0.0000398508		 | 1.02
 642		 | 0.0000393779		 | 1.01
 643		 | 0.0000374385		 | 1.05
 644		 | 0.0000385774		 | 0.97
 645		 | 0.0000364725		 | 1.06
 646		 | 0.0000380253		 | 0.96
 647		 | 0.0000389862		 | 0.98
 648		 | 0.0000368072		 | 1.06
 649		 | 0.0000350146		 | 1.05
 650		 | 0.0000376652		 | 0.93
 651		 | 0.0000369612		 | 1.02
 652		 | 0.0000360521		 | 1.03
 653		 | 0.0000332469		 | 1.08
 654		 | 0.0000338647		 | 0.98
 655		 | 0.0000346300		 | 0.98
 656		 | 0.0000337578		 | 1.03
 657		 | 0.0000338794		 | 1.00
 658		 | 0.0000337302		 | 1.00
 659		 | 0.0000332596		 | 1.01
 660		 | 0.0000325326		 | 1.02
 661		 | 0.0000324501		 | 1.00
 662		 | 0.0000333797		 | 0.97
 663		 | 0.0000319655		 | 1.04
 664		 | 0.0000298425		 | 1.07
 665		 | 0.0000317178		 | 0.94
 666		 | 0.0000311720		 | 1.02
 667		 | 0.0000286346		 | 1.09
 668		 | 0.0000298868		 | 0.96
 669		 | 0.0000296727		 | 1.01
 670		 | 0.0000296242		 | 1.00
 671		 | 0.0000295502		 | 1.00
 672		 | 0.0000290180		 | 1.02
 673		 | 0.0000292953		 | 0.99
 674		 | 0.0000278648		 | 1.05
 675		 | 0.0000252831		 | 1.10
 676		 | 0.0000283023		 | 0.89
 677		 | 0.0000271497		 | 1.04
 678		 | 0.0000270291		 | 1.00
 679		 | 0.0000257694		 | 1.05
 680		 | 0.0000274896		 | 0.94
 681		 | 0.0000268527		 | 1.02
 682		 | 0.0000255950		 | 1.05
 683		 | 0.0000261391		 | 0.98
 684		 | 0.0000267188		 | 0.98
 685		 | 0.0000253236		 | 1.06
 686		 | 0.0000251620		 | 1.01
 687		 | 0.0000242807		 | 1.04
 688		 | 0.0000238899		 | 1.02
 689		 | 0.0000246998		 | 0.97
 690		 | 0.0000229671		 | 1.08
 691		 | 0.0000241782		 | 0.95
 692		 | 0.0000241781		 | 1.00
 693		 | 0.0000221223		 | 1.09
 694		 | 0.0000240359		 | 0.92
 695		 | 0.0000238740		 | 1.01
 696		 | 0.0000232875		 | 1.03
 697		 | 0.0000222984		 | 1.04
 698		 | 0.0000221840		 | 1.01
 699		 | 0.0000230110		 | 0.96
 700		 | 0.0000213258		 | 1.08
 701		 | 0.0000226042		 | 0.94
 702		 | 0.0000214755		 | 1.05
 703		 | 0.0000209082		 | 1.03
 704		 | 0.0000209043		 | 1.00
 705		 | 0.0000204886		 | 1.02
 706		 | 0.0000211348		 | 0.97
 707		 | 0.0000211226		 | 1.00
 708		 | 0.0000183800		 | 1.15
 709		 | 0.0000205816		 | 0.89
 710		 | 0.0000200881		 | 1.02
 711		 | 0.0000195452		 | 1.03
 712		 | 0.0000199059		 | 0.98
 713		 | 0.0000191124		 | 1.04
 714		 | 0.0000189338		 | 1.01
 715		 | 0.0000199187		 | 0.95
 716		 | 0.0000185877		 | 1.07
 717		 | 0.0000188576		 | 0.99
 718		 | 0.0000186689		 | 1.01
 719		 | 0.0000177127		 | 1.05
 720		 | 0.0000181771		 | 0.97
 721		 | 0.0000182736		 | 0.99
 722		 | 0.0000168386		 | 1.09
 723		 | 0.0000168038		 | 1.00
 724		 | 0.0000179329		 | 0.94
 725		 | 0.0000176632		 | 1.02
 726		 | 0.0000165260		 | 1.07
 727		 | 0.0000175044		 | 0.94
 728		 | 0.0000165385		 | 1.06
 729		 | 0.0000163080		 | 1.01
 730		 | 0.0000157876		 | 1.03
 731		 | 0.0000162210		 | 0.97
 732		 | 0.0000160928		 | 1.01
 733		 | 0.0000157637		 | 1.02
 734		 | 0.0000153862		 | 1.02
 735		 | 0.0000165385		 | 0.93
 736		 | 0.0000144946		 | 1.14
 737		 | 0.0000152697		 | 0.95
 738		 | 0.0000149786		 | 1.02
 739		 | 0.0000145387		 | 1.03
 740		 | 0.0000143875		 | 1.01
 741		 | 0.0000140517		 | 1.02
 742		 | 0.0000151709		 | 0.93
 743		 | 0.0000143628		 | 1.06
 744		 | 0.0000140906		 | 1.02
 745		 | 0.0000146103		 | 0.96
 746		 | 0.0000141051		 | 1.04
 747		 | 0.0000131727		 | 1.07
 748		 | 0.0000128871		 | 1.02
 749		 | 0.0000133518		 | 0.97
 750		 | 0.0000134885		 | 0.99
 751		 | 0.0000134357		 | 1.00
 752		 | 0.0000117516		 | 1.14
 753		 | 0.0000132911		 | 0.88
 754		 | 0.0000128923		 | 1.03
 755		 | 0.0000118589		 | 1.09
 756		 | 0.0000124843		 | 0.95
 757		 | 0.0000126535		 | 0.99
 758		 | 0.0000125017		 | 1.01
 759		 | 0.0000119258		 | 1.05
 760		 | 0.0000117376		 | 1.02
 761		 | 0.0000116729		 | 1.01
 762		 | 0.0000112680		 | 1.04
 763		 | 0.0000113025		 | 1.00
 764		 | 0.0000113233		 | 1.00
 765		 | 0.0000113524		 | 1.00
 766		 | 0.0000108284		 | 1.05
 767		 | 0.0000121064		 | 0.89
 768		 | 0.0000117601		 | 1.03
 769		 | 0.0000098592		 | 1.19
 770		 | 0.0000099257		 | 0.99
 771		 | 0.0000111084		 | 0.89
 772		 | 0.0000108831		 | 1.02
 773		 | 0.0000108689		 | 1.00
 774		 | 0.0000096144		 | 1.13
 775		 | 0.0000110210		 | 0.87
 776		 | 0.0000105177		 | 1.05
 777		 | 0.0000104097		 | 1.01
 778		 | 0.0000096314		 | 1.08
 779		 | 0.0000104189		 | 0.92
 780		 | 0.0000093346		 | 1.12
 781		 | 0.0000094643		 | 0.99
 782		 | 0.0000100611		 | 0.94
 783		 | 0.0000096838		 | 1.04
 784		 | 0.0000087420		 | 1.11
 785		 | 0.0000096564		 | 0.91
 786		 | 0.0000096759		 | 1.00
 787		 | 0.0000095169		 | 1.02
 788		 | 0.0000082209		 | 1.16
 789		 | 0.0000088028		 | 0.93
 790		 | 0.0000092050		 | 0.96
 791		 | 0.0000089700		 | 1.03
 792		 | 0.0000073574		 | 1.22
 793		 | 0.0000096262		 | 0.76
 794		 | 0.0000081760		 | 1.18
 795		 | 0.0000078804		 | 1.04
 796		 | 0.0000077537		 | 1.02
 797		 | 0.0000084115		 | 0.92
 798		 | 0.0000071554		 | 1.18
 799		 | 0.0000079841		 | 0.90
 800		 | 0.0000081005		 | 0.99
 801		 | 0.0000074128		 | 1.09
 802		 | 0.0000072773		 | 1.02
 803		 | 0.0000077828		 | 0.94
 804		 | 0.0000077896		 | 1.00
 805		 | 0.0000076858		 | 1.01
 806		 | 0.0000074191		 | 1.04
 807		 | 0.0000061133		 | 1.21
 808		 | 0.0000080056		 | 0.76
 809		 | 0.0000063242		 | 1.27
 810		 | 0.0000036508		 | 1.73
 811		 | 0.0000073837		 | 0.49
 812		 | 0.0000066165		 | 1.12
 813		 | 0.0000066936		 | 0.99
 814		 | 0.0000066694		 | 1.00
 815		 | 0.0000067104		 | 0.99
 816		 | 0.0000061672		 | 1.09
 817		 | 0.0000068584		 | 0.90
 818		 | 0.0000058240		 | 1.18
 819		 | 0.0000067456		 | 0.86
 820		 | 0.0000065831		 | 1.02
 821		 | 0.0000057059		 | 1.15
 822		 | 0.0000053761		 | 1.06
 823		 | 0.0000067718		 | 0.79
 824		 | 0.0000054071		 | 1.25
 825		 | 0.0000051922		 | 1.04
 826		 | 0.0000061615		 | 0.84
 827		 | 0.0000055193		 | 1.12
 828		 | 0.0000055262		 | 1.00
 829		 | 0.0000055813		 | 0.99
 830		 | 0.0000055712		 | 1.00
 831		 | 0.0000053402		 | 1.04
 832		 | 0.0000054990		 | 0.97
 833		 | 0.0000048533		 | 1.13
 834		 | 0.0000056183		 | 0.86
 835		 | 0.0000054617		 | 1.03
 836		 | 0.0000043862		 | 1.25
 837		 | 0.0000059798		 | 0.73
 838		 | 0.0000044250		 | 1.35
 839		 | 0.0000051043		 | 0.87
 840		 | 0.0000051794		 | 0.99
 841		 | 0.0000054283		 | 0.95
 842		 | 0.0000046098		 | 1.18
 843		 | 0.0000049213		 | 0.94
 844		 | 0.0000046168		 | 1.07
 845		 | 0.0000045224		 | 1.02
 846		 | 0.0000045228		 | 1.00
 847		 | 0.0000043265		 | 1.05
 848		 | 0.0000047893		 | 0.90
 849		 | 0.0000046615		 | 1.03
 850		 | 0.0000044511		 | 1.05
 851		 | 0.0000039869		 | 1.12
 852		 | 0.0000043592		 | 0.91
 853		 | 0.0000042688		 | 1.02
 854		 | 0.0000040773		 | 1.05
 855		 | 0.0000041245		 | 0.99
 856		 | 0.0000035417		 | 1.16
 857		 | 0.0000040691		 | 0.87
 858		 | 0.0000038857		 | 1.05
 859		 | 0.0000036469		 | 1.07
 860		 | 0.0000038375		 | 0.95
 861		 | 0.0000034458		 | 1.11
 862		 | 0.0000037061		 | 0.93
 863		 | 0.0000039990		 | 0.93
 864		 | 0.0000032663		 | 1.22
 865		 | 0.0000027543		 | 1.19
 866		 | 0.0000036767		 | 0.75
 867		 | 0.0000035269		 | 1.04
 868		 | 0.0000031307		 | 1.13
 869		 | 0.0000030055		 | 1.04
 870		 | 0.0000038248		 | 0.79
 871		 | 0.0000026848		 | 1.42
 872		 | 0.0000033388		 | 0.80
 873		 | 0.0000026449		 | 1.26
 874		 | 0.0000028018		 | 0.94
 875		 | 0.0000032730		 | 0.86
 876		 | 0.0000034661		 | 0.94
 877		 | 0.0000027752		 | 1.25
 878		 | 0.0000031908		 | 0.87
 879		 | 0.0000029203		 | 1.09
 880		 | 0.0000026977		 | 1.08
 881		 | 0.0000030874		 | 0.87
 882		 | 0.0000023263		 | 1.33
 883		 | 0.0000024566		 | 0.95
 884		 | 0.0000025609		 | 0.96
 885		 | 0.0000024839		 | 1.03
 886		 | 0.0000023226		 | 1.07
 887		 | 0.0000020560		 | 1.13
 888		 | 0.0000024329		 | 0.85
 889		 | 0.0000024241		 | 1.00
 890		 | 0.0000024218		 | 1.00
 891		 | 0.0000018975		 | 1.28
 892		 | 0.0000026417		 | 0.72
 893		 | 0.0000023377		 | 1.13
 894		 | 0.0000021347		 | 1.10
 895		 | 0.0000019476		 | 1.10
 896		 | 0.0000021717		 | 0.90
 897		 | 0.0000019872		 | 1.09
 898		 | 0.0000025040		 | 0.79
 899		 | 0.0000018904		 | 1.32
 900		 | 0.0000019342		 | 0.98
 901		 | 0.0000022065		 | 0.88
 902		 | 0.0000019417		 | 1.14
 903		 | 0.0000018974		 | 1.02
 904		 | 0.0000015275		 | 1.24
 905		 | 0.0000016842		 | 0.91
 906		 | 0.0000014870		 | 1.13
 907		 | 0.0000017652		 | 0.84
 908		 | 0.0000019479		 | 0.91
 909		 | 0.0000018991		 | 1.03
 910		 | 0.0000017322		 | 1.10
 911		 | 0.0000015759		 | 1.10
 912		 | 0.0000015830		 | 1.00
 913		 | 0.0000016673		 | 0.95
 914		 | 0.0000013878		 | 1.20
 915		 | 0.0000014906		 | 0.93
 916		 | 0.0000014066		 | 1.06
 917		 | 0.0000013577		 | 1.04
 918		 | 0.0000014767		 | 0.92
 919		 | 0.0000013131		 | 1.12
 920		 | 0.0000014619		 | 0.90
 921		 | 0.0000013139		 | 1.11
 922		 | 0.0000013544		 | 0.97
 923		 | 0.0000012701		 | 1.07
 924		 | 0.0000013827		 | 0.92
 925		 | 0.0000012842		 | 1.08
 926		 | 0.0000012390		 | 1.04
 927		 | 0.0000010661		 | 1.16
 928		 | 0.0000013195		 | 0.81
 929		 | 0.0000011068		 | 1.19
 930		 | 0.0000009832		 | 1.13
 931		 | 0.0000010592		 | 0.93
 932		 | 0.0000008769		 | 1.21
 933		 | 0.0000008681		 | 1.01
 934		 | 0.0000010234		 | 0.85
 935		 | 0.0000011152		 | 0.92
 936		 | 0.0000010277		 | 1.09
 937		 | 0.0000009009		 | 1.14
 938		 | 0.0000010621		 | 0.85
 939		 | 0.0000011094		 | 0.96
 940		 | 0.0000009325		 | 1.19
 941		 | 0.0000008764		 | 1.06
 942		 | 0.0000006847		 | 1.28
 943		 | 0.0000010297		 | 0.66
 944		 | 0.0000007900		 | 1.30
 945		 | 0.0000006716		 | 1.18
 946		 | 0.0000008558		 | 0.78
 947		 | 0.0000006705		 | 1.28
 948		 | 0.0000006633		 | 1.01
 949		 | 0.0000005758		 | 1.15
 950		 | 0.0000007342		 | 0.78
 951		 | 0.0000006085		 | 1.21
 952		 | 0.0000007637		 | 0.80
 953		 | 0.0000006411		 | 1.19
 954		 | 0.0000007338		 | 0.87
 955		 | 0.0000006918		 | 1.06
 956		 | 0.0000008127		 | 0.85
 957		 | 0.0000007137		 | 1.14
 958		 | 0.0000005513		 | 1.29
 959		 | 0.0000004226		 | 1.30
 960		 | 0.0000005287		 | 0.80
 961		 | 0.0000005876		 | 0.90
 962		 | 0.0000004758		 | 1.23
 963		 | 0.0000004038		 | 1.18
 964		 | 0.0000005704		 | 0.71
 965		 | 0.0000004768		 | 1.20
 966		 | 0.0000004331		 | 1.10
 967		 | 0.0000004625		 | 0.94
 968		 | 0.0000004492		 | 1.03
 969		 | 0.0000004728		 | 0.95
 970		 | 0.0000003248		 | 1.46
 971		 | 0.0000003746		 | 0.87
 972		 | 0.0000003979		 | 0.94
 973		 | 0.0000003003		 | 1.33
 974		 | 0.0000004832		 | 0.62
 975		 | 0.0000003980		 | 1.21
 976		 | 0.0000004127		 | 0.96
 977		 | 0.0000003254		 | 1.27
 978		 | 0.0000002270		 | 1.43
 979		 | 0.0000004386		 | 0.52
 980		 | 0.0000002635		 | 1.66
 981		 | 0.0000003112		 | 0.85
 982		 | 0.0000002680		 | 1.16
 983		 | 0.0000003475		 | 0.77
 984		 | 0.0000003414		 | 1.02
 985		 | 0.0000002101		 | 1.63
 986		 | 0.0000002280		 | 0.92
 987		 | 0.0000002083		 | 1.09
 988		 | 0.0000002946		 | 0.71
 989		 | 0.0000001994		 | 1.48
 990		 | 0.0000000955		 | 2.09
 991		 | 0.0000001594		 | 0.60
 992		 | 0.0000002892		 | 0.55
 993		 | 0.0000003213		 | 0.90
 994		 | 0.0000002658		 | 1.21
 995		 | 0.0000001209		 | 2.20
 996		 | 0.0000001657		 | 0.73
 997		 | 0.0000001970		 | 0.84
 998		 | 0.0000001047		 | 1.88
 999		 | 0.0000001728		 | 0.61
1000		 | 0.0000001491		 | 1.16