Resize Kernel: Bicubic b 0.33 c 0.33
Native resolution(s) (best guess): 956p, 830p, 978p
Please check the graph manually for more accurate results

Raw data:
Resolution	 | Relative Error	 | Relative difference from last
 500		 | 0.0043905414		 | 0.00
 501		 | 0.0043742936		 | 1.00
 502		 | 0.0043675423		 | 1.00
 503		 | 0.0042862219		 | 1.02
 504		 | 0.0042990551		 | 1.00
 505		 | 0.0042380541		 | 1.01
 506		 | 0.0042348701		 | 1.00
 507		 | 0.0042251061		 | 1.00
 508		 | 0.0042176169		 | 1.00
 509		 | 0.0041709227		 | 1.01
 510		 | 0.0041575491		 | 1.00
 511		 | 0.0040811832		 | 1.02
 512		 | 0.0040760999		 | 1.00
 513		 | 0.0040867743		 | 1.00
 514		 | 0.0040676731		 | 1.00
 515		 | 0.0040244984		 | 1.01
 516		 | 0.0040410165		 | 1.00
 517		 | 0.0040206726		 | 1.01
 518		 | 0.0039712668		 | 1.01
 519		 | 0.0039976178		 | 0.99
 520		 | 0.0039390803		 | 1.01
 521		 | 0.0039049133		 | 1.01
 522		 | 0.0039297577		 | 0.99
 523		 | 0.0038645579		 | 1.02
 524		 | 0.0038382034		 | 1.01
 525		 | 0.0038212438		 | 1.00
 526		 | 0.0038324942		 | 1.00
 527		 | 0.0037774810		 | 1.01
 528		 | 0.0037906451		 | 1.00
 529		 | 0.0037322721		 | 1.02
 530		 | 0.0037760556		 | 0.99
 531		 | 0.0037033343		 | 1.02
 532		 | 0.0036705938		 | 1.01
 533		 | 0.0036425857		 | 1.01
 534		 | 0.0036592663		 | 1.00
 535		 | 0.0036516694		 | 1.00
 536		 | 0.0036013313		 | 1.01
 537		 | 0.0035971776		 | 1.00
 538		 | 0.0035965693		 | 1.00
 539		 | 0.0035443541		 | 1.01
 540		 | 0.0035863686		 | 0.99
 541		 | 0.0035216516		 | 1.02
 542		 | 0.0035005932		 | 1.01
 543		 | 0.0035084620		 | 1.00
 544		 | 0.0034693206		 | 1.01
 545		 | 0.0034525426		 | 1.00
 546		 | 0.0033889033		 | 1.02
 547		 | 0.0034392558		 | 0.99
 548		 | 0.0033842771		 | 1.02
 549		 | 0.0033531353		 | 1.01
 550		 | 0.0033764368		 | 0.99
 551		 | 0.0033361028		 | 1.01
 552		 | 0.0033218569		 | 1.00
 553		 | 0.0033090086		 | 1.00
 554		 | 0.0032677047		 | 1.01
 555		 | 0.0032362620		 | 1.01
 556		 | 0.0032662324		 | 0.99
 557		 | 0.0032017025		 | 1.02
 558		 | 0.0032315965		 | 0.99
 559		 | 0.0031940025		 | 1.01
 560		 | 0.0031837540		 | 1.00
 561		 | 0.0031712507		 | 1.00
 562		 | 0.0031737850		 | 1.00
 563		 | 0.0031423326		 | 1.01
 564		 | 0.0031533642		 | 1.00
 565		 | 0.0030824190		 | 1.02
 566		 | 0.0030805882		 | 1.00
 567		 | 0.0030771488		 | 1.00
 568		 | 0.0030251029		 | 1.02
 569		 | 0.0030377361		 | 1.00
 570		 | 0.0030142900		 | 1.01
 571		 | 0.0029968651		 | 1.01
 572		 | 0.0029740361		 | 1.01
 573		 | 0.0029522774		 | 1.01
 574		 | 0.0029294290		 | 1.01
 575		 | 0.0029314272		 | 1.00
 576		 | 0.0029123185		 | 1.01
 577		 | 0.0028819921		 | 1.01
 578		 | 0.0028692978		 | 1.00
 579		 | 0.0028918936		 | 0.99
 580		 | 0.0028545446		 | 1.01
 581		 | 0.0028436026		 | 1.00
 582		 | 0.0028409233		 | 1.00
 583		 | 0.0028297691		 | 1.00
 584		 | 0.0028028874		 | 1.01
 585		 | 0.0027595168		 | 1.02
 586		 | 0.0027646053		 | 1.00
 587		 | 0.0027277661		 | 1.01
 588		 | 0.0027192674		 | 1.00
 589		 | 0.0027211563		 | 1.00
 590		 | 0.0026812517		 | 1.01
 591		 | 0.0026796138		 | 1.00
 592		 | 0.0026842756		 | 1.00
 593		 | 0.0026572069		 | 1.01
 594		 | 0.0026129864		 | 1.02
 595		 | 0.0026328647		 | 0.99
 596		 | 0.0026075444		 | 1.01
 597		 | 0.0025969817		 | 1.00
 598		 | 0.0026072479		 | 1.00
 599		 | 0.0025669263		 | 1.02
 600		 | 0.0025574127		 | 1.00
 601		 | 0.0025523584		 | 1.00
 602		 | 0.0025193823		 | 1.01
 603		 | 0.0025309833		 | 1.00
 604		 | 0.0025159492		 | 1.01
 605		 | 0.0024887562		 | 1.01
 606		 | 0.0024653532		 | 1.01
 607		 | 0.0024618088		 | 1.00
 608		 | 0.0024381125		 | 1.01
 609		 | 0.0024443069		 | 1.00
 610		 | 0.0024191520		 | 1.01
 611		 | 0.0023860574		 | 1.01
 612		 | 0.0023904398		 | 1.00
 613		 | 0.0023795228		 | 1.00
 614		 | 0.0023963293		 | 0.99
 615		 | 0.0023629593		 | 1.01
 616		 | 0.0023268136		 | 1.02
 617		 | 0.0023130386		 | 1.01
 618		 | 0.0023355728		 | 0.99
 619		 | 0.0022984516		 | 1.02
 620		 | 0.0022769210		 | 1.01
 621		 | 0.0022592559		 | 1.01
 622		 | 0.0022671786		 | 1.00
 623		 | 0.0022450574		 | 1.01
 624		 | 0.0022514431		 | 1.00
 625		 | 0.0022245681		 | 1.01
 626		 | 0.0022416941		 | 0.99
 627		 | 0.0022170548		 | 1.01
 628		 | 0.0021695367		 | 1.02
 629		 | 0.0021863057		 | 0.99
 630		 | 0.0021725002		 | 1.01
 631		 | 0.0021502570		 | 1.01
 632		 | 0.0021203726		 | 1.01
 633		 | 0.0021140537		 | 1.00
 634		 | 0.0021053203		 | 1.00
 635		 | 0.0021048526		 | 1.00
 636		 | 0.0020963819		 | 1.00
 637		 | 0.0020662178		 | 1.01
 638		 | 0.0020670722		 | 1.00
 639		 | 0.0020674295		 | 1.00
 640		 | 0.0020624871		 | 1.00
 641		 | 0.0020256487		 | 1.02
 642		 | 0.0020230756		 | 1.00
 643		 | 0.0020143989		 | 1.00
 644		 | 0.0020083214		 | 1.00
 645		 | 0.0020035558		 | 1.00
 646		 | 0.0019738349		 | 1.02
 647		 | 0.0019838077		 | 0.99
 648		 | 0.0019596920		 | 1.01
 649		 | 0.0019332976		 | 1.01
 650		 | 0.0019266893		 | 1.00
 651		 | 0.0019194693		 | 1.00
 652		 | 0.0019182008		 | 1.00
 653		 | 0.0018802046		 | 1.02
 654		 | 0.0018738467		 | 1.00
 655		 | 0.0018713619		 | 1.00
 656		 | 0.0018671995		 | 1.00
 657		 | 0.0018550100		 | 1.01
 658		 | 0.0018409174		 | 1.01
 659		 | 0.0018474630		 | 1.00
 660		 | 0.0018346940		 | 1.01
 661		 | 0.0018379589		 | 1.00
 662		 | 0.0018233488		 | 1.01
 663		 | 0.0017978370		 | 1.01
 664		 | 0.0017732946		 | 1.01
 665		 | 0.0017664939		 | 1.00
 666		 | 0.0017716564		 | 1.00
 667		 | 0.0017351990		 | 1.02
 668		 | 0.0017391428		 | 1.00
 669		 | 0.0017290103		 | 1.01
 670		 | 0.0017251665		 | 1.00
 671		 | 0.0017131019		 | 1.01
 672		 | 0.0017040283		 | 1.01
 673		 | 0.0016832124		 | 1.01
 674		 | 0.0016881998		 | 1.00
 675		 | 0.0016583281		 | 1.02
 676		 | 0.0016545520		 | 1.00
 677		 | 0.0016570675		 | 1.00
 678		 | 0.0016648918		 | 1.00
 679		 | 0.0016426806		 | 1.01
 680		 | 0.0016216480		 | 1.01
 681		 | 0.0016308422		 | 0.99
 682		 | 0.0016248553		 | 1.00
 683		 | 0.0015997602		 | 1.02
 684		 | 0.0015786267		 | 1.01
 685		 | 0.0015820246		 | 1.00
 686		 | 0.0015588368		 | 1.01
 687		 | 0.0015560094		 | 1.00
 688		 | 0.0015389570		 | 1.01
 689		 | 0.0015375402		 | 1.00
 690		 | 0.0015339541		 | 1.00
 691		 | 0.0015409269		 | 1.00
 692		 | 0.0015183632		 | 1.01
 693		 | 0.0015278546		 | 0.99
 694		 | 0.0015014352		 | 1.02
 695		 | 0.0014838723		 | 1.01
 696		 | 0.0014851898		 | 1.00
 697		 | 0.0014727269		 | 1.01
 698		 | 0.0014541559		 | 1.01
 699		 | 0.0014474572		 | 1.00
 700		 | 0.0014465795		 | 1.00
 701		 | 0.0014295816		 | 1.01
 702		 | 0.0014379372		 | 0.99
 703		 | 0.0014208689		 | 1.01
 704		 | 0.0014078153		 | 1.01
 705		 | 0.0014022888		 | 1.00
 706		 | 0.0014134671		 | 0.99
 707		 | 0.0013861720		 | 1.02
 708		 | 0.0013893698		 | 1.00
 709		 | 0.0013493017		 | 1.03
 710		 | 0.0013620403		 | 0.99
 711		 | 0.0013495764		 | 1.01
 712		 | 0.0013472777		 | 1.00
 713		 | 0.0013426104		 | 1.00
 714		 | 0.0013396191		 | 1.00
 715		 | 0.0013353296		 | 1.00
 716		 | 0.0013151197		 | 1.02
 717		 | 0.0013101236		 | 1.00
 718		 | 0.0012853452		 | 1.02
 719		 | 0.0012880961		 | 1.00
 720		 | 0.0012777991		 | 1.01
 721		 | 0.0012806187		 | 1.00
 722		 | 0.0012688454		 | 1.01
 723		 | 0.0012579337		 | 1.01
 724		 | 0.0012598477		 | 1.00
 725		 | 0.0012616228		 | 1.00
 726		 | 0.0012539637		 | 1.01
 727		 | 0.0012381393		 | 1.01
 728		 | 0.0012326911		 | 1.00
 729		 | 0.0012096880		 | 1.02
 730		 | 0.0011933948		 | 1.01
 731		 | 0.0011862341		 | 1.01
 732		 | 0.0011761760		 | 1.01
 733		 | 0.0011747449		 | 1.00
 734		 | 0.0011831809		 | 0.99
 735		 | 0.0011658233		 | 1.01
 736		 | 0.0011859228		 | 0.98
 737		 | 0.0011507097		 | 1.03
 738		 | 0.0011564592		 | 1.00
 739		 | 0.0011465221		 | 1.01
 740		 | 0.0011341897		 | 1.01
 741		 | 0.0011292761		 | 1.00
 742		 | 0.0011199695		 | 1.01
 743		 | 0.0011169839		 | 1.00
 744		 | 0.0011047354		 | 1.01
 745		 | 0.0011195844		 | 0.99
 746		 | 0.0010889416		 | 1.03
 747		 | 0.0010903044		 | 1.00
 748		 | 0.0010782751		 | 1.01
 749		 | 0.0010711341		 | 1.01
 750		 | 0.0010679871		 | 1.00
 751		 | 0.0010551595		 | 1.01
 752		 | 0.0010364050		 | 1.02
 753		 | 0.0010267555		 | 1.01
 754		 | 0.0010373927		 | 0.99
 755		 | 0.0010401885		 | 1.00
 756		 | 0.0010396252		 | 1.00
 757		 | 0.0010141995		 | 1.03
 758		 | 0.0010256969		 | 0.99
 759		 | 0.0010108090		 | 1.01
 760		 | 0.0010066270		 | 1.00
 761		 | 0.0010038000		 | 1.00
 762		 | 0.0009878878		 | 1.02
 763		 | 0.0009593445		 | 1.03
 764		 | 0.0009664582		 | 0.99
 765		 | 0.0009611315		 | 1.01
 766		 | 0.0009602758		 | 1.00
 767		 | 0.0009572140		 | 1.00
 768		 | 0.0009505501		 | 1.01
 769		 | 0.0009347251		 | 1.02
 770		 | 0.0009524559		 | 0.98
 771		 | 0.0009331437		 | 1.02
 772		 | 0.0009259455		 | 1.01
 773		 | 0.0009191062		 | 1.01
 774		 | 0.0008957517		 | 1.03
 775		 | 0.0008853948		 | 1.01
 776		 | 0.0008992241		 | 0.98
 777		 | 0.0008914716		 | 1.01
 778		 | 0.0008888858		 | 1.00
 779		 | 0.0008737970		 | 1.02
 780		 | 0.0008672830		 | 1.01
 781		 | 0.0008782618		 | 0.99
 782		 | 0.0008605554		 | 1.02
 783		 | 0.0008477096		 | 1.02
 784		 | 0.0008443977		 | 1.00
 785		 | 0.0008269799		 | 1.02
 786		 | 0.0008272175		 | 1.00
 787		 | 0.0008319427		 | 0.99
 788		 | 0.0008265494		 | 1.01
 789		 | 0.0008175418		 | 1.01
 790		 | 0.0008189477		 | 1.00
 791		 | 0.0008101099		 | 1.01
 792		 | 0.0008116511		 | 1.00
 793		 | 0.0007889167		 | 1.03
 794		 | 0.0007892299		 | 1.00
 795		 | 0.0007913751		 | 1.00
 796		 | 0.0007704229		 | 1.03
 797		 | 0.0007600009		 | 1.01
 798		 | 0.0007549030		 | 1.01
 799		 | 0.0007466321		 | 1.01
 800		 | 0.0007517893		 | 0.99
 801		 | 0.0007371554		 | 1.02
 802		 | 0.0007550002		 | 0.98
 803		 | 0.0007613208		 | 0.99
 804		 | 0.0007568808		 | 1.01
 805		 | 0.0007385894		 | 1.02
 806		 | 0.0007200663		 | 1.03
 807		 | 0.0007210879		 | 1.00
 808		 | 0.0007069995		 | 1.02
 809		 | 0.0007018935		 | 1.01
 810		 | 0.0006733117		 | 1.04
 811		 | 0.0006913671		 | 0.97
 812		 | 0.0006803075		 | 1.02
 813		 | 0.0006754964		 | 1.01
 814		 | 0.0006764973		 | 1.00
 815		 | 0.0006830308		 | 0.99
 816		 | 0.0006545100		 | 1.04
 817		 | 0.0006694476		 | 0.98
 818		 | 0.0006421479		 | 1.04
 819		 | 0.0006491459		 | 0.99
 820		 | 0.0006442045		 | 1.01
 821		 | 0.0006349488		 | 1.01
 822		 | 0.0006342615		 | 1.00
 823		 | 0.0006308544		 | 1.01
 824		 | 0.0006309712		 | 1.00
 825		 | 0.0006286405		 | 1.00
 826		 | 0.0006207484		 | 1.01
 827		 | 0.0005888064		 | 1.05
 828		 | 0.0006094756		 | 0.97
 829		 | 0.0006023762		 | 1.01
 830		 | 0.0005080870		 | 1.19
 831		 | 0.0006054544		 | 0.84
 832		 | 0.0005323034		 | 1.14
 833		 | 0.0005814248		 | 0.92
 834		 | 0.0005771556		 | 1.01
 835		 | 0.0005582132		 | 1.03
 836		 | 0.0005682687		 | 0.98
 837		 | 0.0005829870		 | 0.97
 838		 | 0.0005584040		 | 1.04
 839		 | 0.0005414856		 | 1.03
 840		 | 0.0005346885		 | 1.01
 841		 | 0.0005320533		 | 1.00
 842		 | 0.0005177095		 | 1.03
 843		 | 0.0005340455		 | 0.97
 844		 | 0.0005166777		 | 1.03
 845		 | 0.0005242085		 | 0.99
 846		 | 0.0005048760		 | 1.04
 847		 | 0.0005088338		 | 0.99
 848		 | 0.0005051858		 | 1.01
 849		 | 0.0004929134		 | 1.02
 850		 | 0.0004885691		 | 1.01
 851		 | 0.0004908630		 | 1.00
 852		 | 0.0004641155		 | 1.06
 853		 | 0.0004738760		 | 0.98
 854		 | 0.0004797798		 | 0.99
 855		 | 0.0004788994		 | 1.00
 856		 | 0.0004671969		 | 1.03
 857		 | 0.0004720541		 | 0.99
 858		 | 0.0004674034		 | 1.01
 859		 | 0.0004764538		 | 0.98
 860		 | 0.0004633942		 | 1.03
 861		 | 0.0004311239		 | 1.07
 862		 | 0.0004285700		 | 1.01
 863		 | 0.0004249815		 | 1.01
 864		 | 0.0004166904		 | 1.02
 865		 | 0.0004099358		 | 1.02
 866		 | 0.0004263120		 | 0.96
 867		 | 0.0004238252		 | 1.01
 868		 | 0.0004194001		 | 1.01
 869		 | 0.0004095298		 | 1.02
 870		 | 0.0003982852		 | 1.03
 871		 | 0.0004100959		 | 0.97
 872		 | 0.0003955714		 | 1.04
 873		 | 0.0003809458		 | 1.04
 874		 | 0.0003739443		 | 1.02
 875		 | 0.0003766374		 | 0.99
 876		 | 0.0003784924		 | 1.00
 877		 | 0.0003761088		 | 1.01
 878		 | 0.0003771188		 | 1.00
 879		 | 0.0003616950		 | 1.04
 880		 | 0.0003696545		 | 0.98
 881		 | 0.0003523290		 | 1.05
 882		 | 0.0003518941		 | 1.00
 883		 | 0.0003480834		 | 1.01
 884		 | 0.0003387168		 | 1.03
 885		 | 0.0003377125		 | 1.00
 886		 | 0.0003375201		 | 1.00
 887		 | 0.0003216779		 | 1.05
 888		 | 0.0003244149		 | 0.99
 889		 | 0.0003386002		 | 0.96
 890		 | 0.0003212955		 | 1.05
 891		 | 0.0003196162		 | 1.01
 892		 | 0.0003243747		 | 0.99
 893		 | 0.0003089259		 | 1.05
 894		 | 0.0003075978		 | 1.00
 895		 | 0.0003009980		 | 1.02
 896		 | 0.0002902212		 | 1.04
 897		 | 0.0002953550		 | 0.98
 898		 | 0.0002984650		 | 0.99
 899		 | 0.0002841971		 | 1.05
 900		 | 0.0002953995		 | 0.96
 901		 | 0.0002912960		 | 1.01
 902		 | 0.0002664808		 | 1.09
 903		 | 0.0002634144		 | 1.01
 904		 | 0.0002691632		 | 0.98
 905		 | 0.0002634098		 | 1.02
 906		 | 0.0002702896		 | 0.97
 907		 | 0.0002569644		 | 1.05
 908		 | 0.0002451794		 | 1.05
 909		 | 0.0002461420		 | 1.00
 910		 | 0.0002479958		 | 0.99
 911		 | 0.0002412331		 | 1.03
 912		 | 0.0002440848		 | 0.99
 913		 | 0.0002438473		 | 1.00
 914		 | 0.0002334322		 | 1.04
 915		 | 0.0002326680		 | 1.00
 916		 | 0.0002206527		 | 1.05
 917		 | 0.0002347784		 | 0.94
 918		 | 0.0002066386		 | 1.14
 919		 | 0.0002109296		 | 0.98
 920		 | 0.0002106753		 | 1.00
 921		 | 0.0002072696		 | 1.02
 922		 | 0.0002141635		 | 0.97
 923		 | 0.0002160680		 | 0.99
 924		 | 0.0001919420		 | 1.13
 925		 | 0.0001917258		 | 1.00
 926		 | 0.0002039335		 | 0.94
 927		 | 0.0001909086		 | 1.07
 928		 | 0.0001855054		 | 1.03
 929		 | 0.0001942319		 | 0.96
 930		 | 0.0001896902		 | 1.02
 931		 | 0.0001808947		 | 1.05
 932		 | 0.0001867501		 | 0.97
 933		 | 0.0001793072		 | 1.04
 934		 | 0.0001820982		 | 0.98
 935		 | 0.0001739233		 | 1.05
 936		 | 0.0001673518		 | 1.04
 937		 | 0.0001631379		 | 1.03
 938		 | 0.0001709141		 | 0.95
 939		 | 0.0001685423		 | 1.01
 940		 | 0.0001562630		 | 1.08
 941		 | 0.0001620479		 | 0.96
 942		 | 0.0001472435		 | 1.10
 943		 | 0.0001526669		 | 0.96
 944		 | 0.0001497183		 | 1.02
 945		 | 0.0001508658		 | 0.99
 946		 | 0.0001459809		 | 1.03
 947		 | 0.0001351345		 | 1.08
 948		 | 0.0001396517		 | 0.97
 949		 | 0.0001297264		 | 1.08
 950		 | 0.0001299414		 | 1.00
 951		 | 0.0001295093		 | 1.00
 952		 | 0.0001278641		 | 1.01
 953		 | 0.0001266407		 | 1.01
 954		 | 0.0001205935		 | 1.05
 955		 | 0.0001528275		 | 0.79
 956		 | 0.0001240199		 | 1.23
 957		 | 0.0001207928		 | 1.03
 958		 | 0.0001206592		 | 1.00
 959		 | 0.0001000945		 | 1.21
 960		 | 0.0001176985		 | 0.85
 961		 | 0.0001114835		 | 1.06
 962		 | 0.0001120619		 | 0.99
 963		 | 0.0001035197		 | 1.08
 964		 | 0.0001076890		 | 0.96
 965		 | 0.0001050691		 | 1.02
 966		 | 0.0001052209		 | 1.00
 967		 | 0.0000973175		 | 1.08
 968		 | 0.0000953845		 | 1.02
 969		 | 0.0000881895		 | 1.08
 970		 | 0.0000818971		 | 1.08
 971		 | 0.0000882375		 | 0.93
 972		 | 0.0000920928		 | 0.96
 973		 | 0.0000903893		 | 1.02
 974		 | 0.0000890698		 | 1.01
 975		 | 0.0000865510		 | 1.03
 976		 | 0.0000762502		 | 1.14
 977		 | 0.0000902252		 | 0.85
 978		 | 0.0000762688		 | 1.18
 979		 | 0.0000766503		 | 1.00
 980		 | 0.0000732505		 | 1.05
 981		 | 0.0000737953		 | 0.99
 982		 | 0.0000661676		 | 1.12
 983		 | 0.0000669234		 | 0.99
 984		 | 0.0000679406		 | 0.99
 985		 | 0.0000637445		 | 1.07
 986		 | 0.0000651037		 | 0.98
 987		 | 0.0000641239		 | 1.02
 988		 | 0.0000685138		 | 0.94
 989		 | 0.0000632138		 | 1.08
 990		 | 0.0000570566		 | 1.11
 991		 | 0.0000519010		 | 1.10
 992		 | 0.0000589784		 | 0.88
 993		 | 0.0000605731		 | 0.97
 994		 | 0.0000550291		 | 1.10
 995		 | 0.0000544515		 | 1.01
 996		 | 0.0000569259		 | 0.96
 997		 | 0.0000506794		 | 1.12
 998		 | 0.0000542732		 | 0.93
 999		 | 0.0000512933		 | 1.06
1000		 | 0.0000489874		 | 1.05