Resize Kernel: Bicubic b 0.33 c 0.33
Native resolution(s) (best guess): 900p
Please check the graph manually for more accurate results

Raw data:
Resolution	 | Relative Error	 | Relative difference from last
 500		 | 0.0032495683		 | 0.00
 501		 | 0.0033027286		 | 0.98
 502		 | 0.0032347918		 | 1.02
 503		 | 0.0032058647		 | 1.01
 504		 | 0.0032153852		 | 1.00
 505		 | 0.0032057242		 | 1.00
 506		 | 0.0031476497		 | 1.02
 507		 | 0.0031223964		 | 1.01
 508		 | 0.0031547937		 | 0.99
 509		 | 0.0031156843		 | 1.01
 510		 | 0.0030954078		 | 1.01
 511		 | 0.0030862971		 | 1.00
 512		 | 0.0031161303		 | 0.99
 513		 | 0.0030559919		 | 1.02
 514		 | 0.0030595068		 | 1.00
 515		 | 0.0030326751		 | 1.01
 516		 | 0.0030499534		 | 0.99
 517		 | 0.0030030247		 | 1.02
 518		 | 0.0029818844		 | 1.01
 519		 | 0.0029913242		 | 1.00
 520		 | 0.0029572373		 | 1.01
 521		 | 0.0029409231		 | 1.01
 522		 | 0.0029337302		 | 1.00
 523		 | 0.0029134594		 | 1.01
 524		 | 0.0028841932		 | 1.01
 525		 | 0.0028885136		 | 1.00
 526		 | 0.0028569840		 | 1.01
 527		 | 0.0028595453		 | 1.00
 528		 | 0.0028565761		 | 1.00
 529		 | 0.0028488469		 | 1.00
 530		 | 0.0028105445		 | 1.01
 531		 | 0.0027997890		 | 1.00
 532		 | 0.0028135310		 | 1.00
 533		 | 0.0027590356		 | 1.02
 534		 | 0.0027600160		 | 1.00
 535		 | 0.0027541691		 | 1.00
 536		 | 0.0027517838		 | 1.00
 537		 | 0.0027426975		 | 1.00
 538		 | 0.0027089906		 | 1.01
 539		 | 0.0026955025		 | 1.01
 540		 | 0.0026973993		 | 1.00
 541		 | 0.0026757929		 | 1.01
 542		 | 0.0026462590		 | 1.01
 543		 | 0.0026388302		 | 1.00
 544		 | 0.0026152690		 | 1.01
 545		 | 0.0026302648		 | 0.99
 546		 | 0.0026099038		 | 1.01
 547		 | 0.0025846840		 | 1.01
 548		 | 0.0025635312		 | 1.01
 549		 | 0.0025594957		 | 1.00
 550		 | 0.0025882160		 | 0.99
 551		 | 0.0025191831		 | 1.03
 552		 | 0.0025391627		 | 0.99
 553		 | 0.0025185993		 | 1.01
 554		 | 0.0025162225		 | 1.00
 555		 | 0.0024775572		 | 1.02
 556		 | 0.0024822162		 | 1.00
 557		 | 0.0024856511		 | 1.00
 558		 | 0.0024426227		 | 1.02
 559		 | 0.0024371824		 | 1.00
 560		 | 0.0024019743		 | 1.01
 561		 | 0.0024043110		 | 1.00
 562		 | 0.0023904177		 | 1.01
 563		 | 0.0024127805		 | 0.99
 564		 | 0.0023800970		 | 1.01
 565		 | 0.0023831675		 | 1.00
 566		 | 0.0023574792		 | 1.01
 567		 | 0.0023549694		 | 1.00
 568		 | 0.0023393381		 | 1.01
 569		 | 0.0023089230		 | 1.01
 570		 | 0.0023222010		 | 0.99
 571		 | 0.0022872964		 | 1.02
 572		 | 0.0022854281		 | 1.00
 573		 | 0.0022780160		 | 1.00
 574		 | 0.0022639636		 | 1.01
 575		 | 0.0022462322		 | 1.01
 576		 | 0.0022500131		 | 1.00
 577		 | 0.0022074174		 | 1.02
 578		 | 0.0022143631		 | 1.00
 579		 | 0.0022277550		 | 0.99
 580		 | 0.0021914327		 | 1.02
 581		 | 0.0021848412		 | 1.00
 582		 | 0.0021625402		 | 1.01
 583		 | 0.0021685095		 | 1.00
 584		 | 0.0021608559		 | 1.00
 585		 | 0.0021205762		 | 1.02
 586		 | 0.0021249646		 | 1.00
 587		 | 0.0021107143		 | 1.01
 588		 | 0.0020924313		 | 1.01
 589		 | 0.0020845645		 | 1.00
 590		 | 0.0020834609		 | 1.00
 591		 | 0.0020689223		 | 1.01
 592		 | 0.0020690116		 | 1.00
 593		 | 0.0020410057		 | 1.01
 594		 | 0.0020517111		 | 0.99
 595		 | 0.0019899148		 | 1.03
 596		 | 0.0020248576		 | 0.98
 597		 | 0.0020175210		 | 1.00
 598		 | 0.0019857774		 | 1.02
 599		 | 0.0019785961		 | 1.00
 600		 | 0.0019831903		 | 1.00
 601		 | 0.0019845367		 | 1.00
 602		 | 0.0019538713		 | 1.02
 603		 | 0.0019466981		 | 1.00
 604		 | 0.0019348960		 | 1.01
 605		 | 0.0019441133		 | 1.00
 606		 | 0.0019066030		 | 1.02
 607		 | 0.0019034320		 | 1.00
 608		 | 0.0019070942		 | 1.00
 609		 | 0.0018753428		 | 1.02
 610		 | 0.0018819062		 | 1.00
 611		 | 0.0018460425		 | 1.02
 612		 | 0.0018659789		 | 0.99
 613		 | 0.0018385177		 | 1.01
 614		 | 0.0018313010		 | 1.00
 615		 | 0.0018213653		 | 1.01
 616		 | 0.0018219541		 | 1.00
 617		 | 0.0018154823		 | 1.00
 618		 | 0.0018064008		 | 1.01
 619		 | 0.0018044888		 | 1.00
 620		 | 0.0017741930		 | 1.02
 621		 | 0.0017785447		 | 1.00
 622		 | 0.0017683953		 | 1.01
 623		 | 0.0017533058		 | 1.01
 624		 | 0.0017180153		 | 1.02
 625		 | 0.0017205524		 | 1.00
 626		 | 0.0017174724		 | 1.00
 627		 | 0.0017176668		 | 1.00
 628		 | 0.0016979478		 | 1.01
 629		 | 0.0016796412		 | 1.01
 630		 | 0.0016761152		 | 1.00
 631		 | 0.0016807953		 | 1.00
 632		 | 0.0016537623		 | 1.02
 633		 | 0.0016545996		 | 1.00
 634		 | 0.0016620777		 | 1.00
 635		 | 0.0016582135		 | 1.00
 636		 | 0.0016313193		 | 1.02
 637		 | 0.0016127798		 | 1.01
 638		 | 0.0016362119		 | 0.99
 639		 | 0.0016005146		 | 1.02
 640		 | 0.0015794192		 | 1.01
 641		 | 0.0016010168		 | 0.99
 642		 | 0.0015831391		 | 1.01
 643		 | 0.0015722971		 | 1.01
 644		 | 0.0015685064		 | 1.00
 645		 | 0.0015663966		 | 1.00
 646		 | 0.0015284373		 | 1.02
 647		 | 0.0015444349		 | 0.99
 648		 | 0.0015462191		 | 1.00
 649		 | 0.0015121149		 | 1.02
 650		 | 0.0014960035		 | 1.01
 651		 | 0.0015084335		 | 0.99
 652		 | 0.0015095692		 | 1.00
 653		 | 0.0014847361		 | 1.02
 654		 | 0.0014904156		 | 1.00
 655		 | 0.0014718923		 | 1.01
 656		 | 0.0014833537		 | 0.99
 657		 | 0.0014563346		 | 1.02
 658		 | 0.0014395669		 | 1.01
 659		 | 0.0014426097		 | 1.00
 660		 | 0.0014369626		 | 1.00
 661		 | 0.0014289942		 | 1.01
 662		 | 0.0014015338		 | 1.02
 663		 | 0.0014074765		 | 1.00
 664		 | 0.0014050276		 | 1.00
 665		 | 0.0013884399		 | 1.01
 666		 | 0.0013804968		 | 1.01
 667		 | 0.0013705106		 | 1.01
 668		 | 0.0013636990		 | 1.00
 669		 | 0.0013726701		 | 0.99
 670		 | 0.0013679472		 | 1.00
 671		 | 0.0013436301		 | 1.02
 672		 | 0.0013511847		 | 0.99
 673		 | 0.0013323086		 | 1.01
 674		 | 0.0013333892		 | 1.00
 675		 | 0.0013121304		 | 1.02
 676		 | 0.0013011368		 | 1.01
 677		 | 0.0012962909		 | 1.00
 678		 | 0.0012993245		 | 1.00
 679		 | 0.0012883201		 | 1.01
 680		 | 0.0012760052		 | 1.01
 681		 | 0.0012797201		 | 1.00
 682		 | 0.0012806111		 | 1.00
 683		 | 0.0012610119		 | 1.02
 684		 | 0.0012399923		 | 1.02
 685		 | 0.0012593361		 | 0.98
 686		 | 0.0012384553		 | 1.02
 687		 | 0.0012270025		 | 1.01
 688		 | 0.0012164082		 | 1.01
 689		 | 0.0012262734		 | 0.99
 690		 | 0.0012128108		 | 1.01
 691		 | 0.0012079956		 | 1.00
 692		 | 0.0011999324		 | 1.01
 693		 | 0.0011865358		 | 1.01
 694		 | 0.0011921666		 | 1.00
 695		 | 0.0011758006		 | 1.01
 696		 | 0.0011759349		 | 1.00
 697		 | 0.0011654473		 | 1.01
 698		 | 0.0011584042		 | 1.01
 699		 | 0.0011609864		 | 1.00
 700		 | 0.0011529931		 | 1.01
 701		 | 0.0011347614		 | 1.02
 702		 | 0.0011211210		 | 1.01
 703		 | 0.0011415407		 | 0.98
 704		 | 0.0011205721		 | 1.02
 705		 | 0.0011192945		 | 1.00
 706		 | 0.0011116931		 | 1.01
 707		 | 0.0011116838		 | 1.00
 708		 | 0.0010975853		 | 1.01
 709		 | 0.0010790619		 | 1.02
 710		 | 0.0010848580		 | 0.99
 711		 | 0.0010766124		 | 1.01
 712		 | 0.0010647228		 | 1.01
 713		 | 0.0010531521		 | 1.01
 714		 | 0.0010619589		 | 0.99
 715		 | 0.0010574563		 | 1.00
 716		 | 0.0010486342		 | 1.01
 717		 | 0.0010438617		 | 1.00
 718		 | 0.0010312513		 | 1.01
 719		 | 0.0010410079		 | 0.99
 720		 | 0.0010497312		 | 0.99
 721		 | 0.0010121822		 | 1.04
 722		 | 0.0010058054		 | 1.01
 723		 | 0.0010159461		 | 0.99
 724		 | 0.0010059211		 | 1.01
 725		 | 0.0009917542		 | 1.01
 726		 | 0.0009932939		 | 1.00
 727		 | 0.0009801332		 | 1.01
 728		 | 0.0009838055		 | 1.00
 729		 | 0.0009640399		 | 1.02
 730		 | 0.0009572331		 | 1.01
 731		 | 0.0009517284		 | 1.01
 732		 | 0.0009570775		 | 0.99
 733		 | 0.0009613654		 | 1.00
 734		 | 0.0009452576		 | 1.02
 735		 | 0.0009388356		 | 1.01
 736		 | 0.0009353427		 | 1.00
 737		 | 0.0009290583		 | 1.01
 738		 | 0.0009239724		 | 1.01
 739		 | 0.0009255381		 | 1.00
 740		 | 0.0009031337		 | 1.02
 741		 | 0.0009027305		 | 1.00
 742		 | 0.0009025256		 | 1.00
 743		 | 0.0008906504		 | 1.01
 744		 | 0.0008976060		 | 0.99
 745		 | 0.0008927359		 | 1.01
 746		 | 0.0008734862		 | 1.02
 747		 | 0.0008649629		 | 1.01
 748		 | 0.0008768596		 | 0.99
 749		 | 0.0008519705		 | 1.03
 750		 | 0.0008586487		 | 0.99
 751		 | 0.0008550362		 | 1.00
 752		 | 0.0008548032		 | 1.00
 753		 | 0.0008334119		 | 1.03
 754		 | 0.0008475757		 | 0.98
 755		 | 0.0008400205		 | 1.01
 756		 | 0.0008314001		 | 1.01
 757		 | 0.0008305608		 | 1.00
 758		 | 0.0008224640		 | 1.01
 759		 | 0.0008220378		 | 1.00
 760		 | 0.0007992937		 | 1.03
 761		 | 0.0008193435		 | 0.98
 762		 | 0.0008034237		 | 1.02
 763		 | 0.0007980009		 | 1.01
 764		 | 0.0007800788		 | 1.02
 765		 | 0.0007798238		 | 1.00
 766		 | 0.0007804772		 | 1.00
 767		 | 0.0007778530		 | 1.00
 768		 | 0.0007751014		 | 1.00
 769		 | 0.0007647335		 | 1.01
 770		 | 0.0007726911		 | 0.99
 771		 | 0.0007480726		 | 1.03
 772		 | 0.0007594998		 | 0.98
 773		 | 0.0007439247		 | 1.02
 774		 | 0.0007469024		 | 1.00
 775		 | 0.0007377897		 | 1.01
 776		 | 0.0007343539		 | 1.00
 777		 | 0.0007274042		 | 1.01
 778		 | 0.0007176769		 | 1.01
 779		 | 0.0007258979		 | 0.99
 780		 | 0.0007055319		 | 1.03
 781		 | 0.0007047104		 | 1.00
 782		 | 0.0007033366		 | 1.00
 783		 | 0.0007059193		 | 1.00
 784		 | 0.0006986453		 | 1.01
 785		 | 0.0007014742		 | 1.00
 786		 | 0.0006959105		 | 1.01
 787		 | 0.0006713751		 | 1.04
 788		 | 0.0006918191		 | 0.97
 789		 | 0.0006782734		 | 1.02
 790		 | 0.0006704240		 | 1.01
 791		 | 0.0006673099		 | 1.00
 792		 | 0.0006830955		 | 0.98
 793		 | 0.0006504454		 | 1.05
 794		 | 0.0006512335		 | 1.00
 795		 | 0.0006658139		 | 0.98
 796		 | 0.0006514532		 | 1.02
 797		 | 0.0006421465		 | 1.01
 798		 | 0.0006348674		 | 1.01
 799		 | 0.0006281156		 | 1.01
 800		 | 0.0006327860		 | 0.99
 801		 | 0.0006288744		 | 1.01
 802		 | 0.0006122394		 | 1.03
 803		 | 0.0006224565		 | 0.98
 804		 | 0.0006086532		 | 1.02
 805		 | 0.0006081517		 | 1.00
 806		 | 0.0005929285		 | 1.03
 807		 | 0.0006194551		 | 0.96
 808		 | 0.0005907619		 | 1.05
 809		 | 0.0005908596		 | 1.00
 810		 | 0.0005887339		 | 1.00
 811		 | 0.0005878322		 | 1.00
 812		 | 0.0005745013		 | 1.02
 813		 | 0.0005745405		 | 1.00
 814		 | 0.0005771810		 | 1.00
 815		 | 0.0005568077		 | 1.04
 816		 | 0.0005653638		 | 0.98
 817		 | 0.0005652781		 | 1.00
 818		 | 0.0005637396		 | 1.00
 819		 | 0.0005542200		 | 1.02
 820		 | 0.0005412834		 | 1.02
 821		 | 0.0005483486		 | 0.99
 822		 | 0.0005294896		 | 1.04
 823		 | 0.0005547926		 | 0.95
 824		 | 0.0005207283		 | 1.07
 825		 | 0.0005342726		 | 0.97
 826		 | 0.0005387054		 | 0.99
 827		 | 0.0005182977		 | 1.04
 828		 | 0.0005128776		 | 1.01
 829		 | 0.0005159006		 | 0.99
 830		 | 0.0004967302		 | 1.04
 831		 | 0.0004975235		 | 1.00
 832		 | 0.0005134702		 | 0.97
 833		 | 0.0004933963		 | 1.04
 834		 | 0.0005001702		 | 0.99
 835		 | 0.0004979119		 | 1.00
 836		 | 0.0004943516		 | 1.01
 837		 | 0.0004828405		 | 1.02
 838		 | 0.0004698329		 | 1.03
 839		 | 0.0004918723		 | 0.96
 840		 | 0.0004789274		 | 1.03
 841		 | 0.0004661038		 | 1.03
 842		 | 0.0004715944		 | 0.99
 843		 | 0.0004662055		 | 1.01
 844		 | 0.0004610153		 | 1.01
 845		 | 0.0004585661		 | 1.01
 846		 | 0.0004540086		 | 1.01
 847		 | 0.0004351598		 | 1.04
 848		 | 0.0004469377		 | 0.97
 849		 | 0.0004227201		 | 1.06
 850		 | 0.0004385706		 | 0.96
 851		 | 0.0004373372		 | 1.00
 852		 | 0.0004467109		 | 0.98
 853		 | 0.0004195975		 | 1.06
 854		 | 0.0004316849		 | 0.97
 855		 | 0.0004284947		 | 1.01
 856		 | 0.0004060202		 | 1.06
 857		 | 0.0004203103		 | 0.97
 858		 | 0.0004054024		 | 1.04
 859		 | 0.0003959052		 | 1.02
 860		 | 0.0004238873		 | 0.93
 861		 | 0.0003962670		 | 1.07
 862		 | 0.0004078687		 | 0.97
 863		 | 0.0003808263		 | 1.07
 864		 | 0.0003880170		 | 0.98
 865		 | 0.0003840097		 | 1.01
 866		 | 0.0003810009		 | 1.01
 867		 | 0.0003762418		 | 1.01
 868		 | 0.0003912563		 | 0.96
 869		 | 0.0003648340		 | 1.07
 870		 | 0.0003824414		 | 0.95
 871		 | 0.0003653946		 | 1.05
 872		 | 0.0003623854		 | 1.01
 873		 | 0.0003907517		 | 0.93
 874		 | 0.0003545139		 | 1.10
 875		 | 0.0003430939		 | 1.03
 876		 | 0.0003462468		 | 0.99
 877		 | 0.0003543923		 | 0.98
 878		 | 0.0003396647		 | 1.04
 879		 | 0.0003463482		 | 0.98
 880		 | 0.0003701748		 | 0.94
 881		 | 0.0003293461		 | 1.12
 882		 | 0.0003378049		 | 0.97
 883		 | 0.0003211852		 | 1.05
 884		 | 0.0003212753		 | 1.00
 885		 | 0.0003343745		 | 0.96
 886		 | 0.0003236446		 | 1.03
 887		 | 0.0003143393		 | 1.03
 888		 | 0.0003019088		 | 1.04
 889		 | 0.0003060722		 | 0.99
 890		 | 0.0003165388		 | 0.97
 891		 | 0.0003272472		 | 0.97
 892		 | 0.0003213908		 | 1.02
 893		 | 0.0002884258		 | 1.11
 894		 | 0.0003103140		 | 0.93
 895		 | 0.0003078307		 | 1.01
 896		 | 0.0002789222		 | 1.10
 897		 | 0.0002993203		 | 0.93
 898		 | 0.0003080449		 | 0.97
 899		 | 0.0003154401		 | 0.98
 900		 | 0.0000057461		 | 54.90
 901		 | 0.0002939699		 | 0.02
 902		 | 0.0002971869		 | 0.99
 903		 | 0.0002908163		 | 1.02
 904		 | 0.0002703545		 | 1.08
 905		 | 0.0002700836		 | 1.00
 906		 | 0.0002938529		 | 0.92
 907		 | 0.0002537902		 | 1.16
 908		 | 0.0002803282		 | 0.91
 909		 | 0.0002686536		 | 1.04
 910		 | 0.0002579501		 | 1.04
 911		 | 0.0002533380		 | 1.02
 912		 | 0.0002577502		 | 0.98
 913		 | 0.0002355994		 | 1.09
 914		 | 0.0002383241		 | 0.99
 915		 | 0.0002591959		 | 0.92
 916		 | 0.0002292943		 | 1.13
 917		 | 0.0002195698		 | 1.04
 918		 | 0.0002382397		 | 0.92
 919		 | 0.0002304534		 | 1.03
 920		 | 0.0002455531		 | 0.94
 921		 | 0.0002318431		 | 1.06
 922		 | 0.0002332365		 | 0.99
 923		 | 0.0002130163		 | 1.09
 924		 | 0.0002205245		 | 0.97
 925		 | 0.0002123445		 | 1.04
 926		 | 0.0002032454		 | 1.04
 927		 | 0.0002274207		 | 0.89
 928		 | 0.0002125124		 | 1.07
 929		 | 0.0001968105		 | 1.08
 930		 | 0.0002022555		 | 0.97
 931		 | 0.0002021781		 | 1.00
 932		 | 0.0002116580		 | 0.96
 933		 | 0.0001868198		 | 1.13
 934		 | 0.0001990819		 | 0.94
 935		 | 0.0001932809		 | 1.03
 936		 | 0.0001875399		 | 1.03
 937		 | 0.0001815771		 | 1.03
 938		 | 0.0001926487		 | 0.94
 939		 | 0.0001837993		 | 1.05
 940		 | 0.0001796594		 | 1.02
 941		 | 0.0001958531		 | 0.92
 942		 | 0.0001701953		 | 1.15
 943		 | 0.0001891294		 | 0.90
 944		 | 0.0001571989		 | 1.20
 945		 | 0.0001687595		 | 0.93
 946		 | 0.0001758265		 | 0.96
 947		 | 0.0001695182		 | 1.04
 948		 | 0.0001791323		 | 0.95
 949		 | 0.0001656800		 | 1.08
 950		 | 0.0001774182		 | 0.93
 951		 | 0.0001405661		 | 1.26
 952		 | 0.0001699297		 | 0.83
 953		 | 0.0001460873		 | 1.16
 954		 | 0.0001600564		 | 0.91
 955		 | 0.0001571588		 | 1.02
 956		 | 0.0001457055		 | 1.08
 957		 | 0.0001437868		 | 1.01
 958		 | 0.0001248890		 | 1.15
 959		 | 0.0001576487		 | 0.79
 960		 | 0.0001333601		 | 1.18
 961		 | 0.0001414206		 | 0.94
 962		 | 0.0001278280		 | 1.11
 963		 | 0.0001371732		 | 0.93
 964		 | 0.0001305812		 | 1.05
 965		 | 0.0001275677		 | 1.02
 966		 | 0.0001366939		 | 0.93
 967		 | 0.0001087258		 | 1.26
 968		 | 0.0001311065		 | 0.83
 969		 | 0.0001264550		 | 1.04
 970		 | 0.0001063438		 | 1.19
 971		 | 0.0001156847		 | 0.92
 972		 | 0.0001293807		 | 0.89
 973		 | 0.0001133884		 | 1.14
 974		 | 0.0001149692		 | 0.99
 975		 | 0.0001175343		 | 0.98
 976		 | 0.0001122221		 | 1.05
 977		 | 0.0001034880		 | 1.08
 978		 | 0.0001086625		 | 0.95
 979		 | 0.0001056297		 | 1.03
 980		 | 0.0000969232		 | 1.09
 981		 | 0.0001027732		 | 0.94
 982		 | 0.0000979566		 | 1.05
 983		 | 0.0001054259		 | 0.93
 984		 | 0.0000991874		 | 1.06
 985		 | 0.0000896931		 | 1.11
 986		 | 0.0000859001		 | 1.04
 987		 | 0.0000970682		 | 0.88
 988		 | 0.0000923459		 | 1.05
 989		 | 0.0000849029		 | 1.09
 990		 | 0.0001757973		 | 0.48
 991		 | 0.0000822245		 | 2.14
 992		 | 0.0000847262		 | 0.97
 993		 | 0.0000795232		 | 1.07
 994		 | 0.0000924534		 | 0.86
 995		 | 0.0000663306		 | 1.39
 996		 | 0.0000759524		 | 0.87
 997		 | 0.0000808910		 | 0.94
 998		 | 0.0000785205		 | 1.03
 999		 | 0.0000713939		 | 1.10
1000		 | 0.0000667296		 | 1.07