Resize Kernel: Bicubic b 0.33 c 0.33
Native resolution(s) (best guess): 844p
Please check the graph manually for more accurate results

Raw data:
Resolution	 | Relative Error	 | Relative difference from last
 500		 | 0.0010079903		 | 0.00
 501		 | 0.0010071835		 | 1.00
 502		 | 0.0009856908		 | 1.02
 503		 | 0.0009863224		 | 1.00
 504		 | 0.0009813959		 | 1.01
 505		 | 0.0009631341		 | 1.02
 506		 | 0.0009609676		 | 1.00
 507		 | 0.0009568155		 | 1.00
 508		 | 0.0009504897		 | 1.01
 509		 | 0.0009357404		 | 1.02
 510		 | 0.0009233616		 | 1.01
 511		 | 0.0009211228		 | 1.00
 512		 | 0.0009191802		 | 1.00
 513		 | 0.0009088232		 | 1.01
 514		 | 0.0009040839		 | 1.01
 515		 | 0.0008935461		 | 1.01
 516		 | 0.0008929049		 | 1.00
 517		 | 0.0008912645		 | 1.00
 518		 | 0.0008796772		 | 1.01
 519		 | 0.0008771479		 | 1.00
 520		 | 0.0008713684		 | 1.01
 521		 | 0.0008511106		 | 1.02
 522		 | 0.0008417404		 | 1.01
 523		 | 0.0008476873		 | 0.99
 524		 | 0.0008321514		 | 1.02
 525		 | 0.0008313342		 | 1.00
 526		 | 0.0008293567		 | 1.00
 527		 | 0.0008260016		 | 1.00
 528		 | 0.0008212188		 | 1.01
 529		 | 0.0007987671		 | 1.03
 530		 | 0.0008052467		 | 0.99
 531		 | 0.0007994001		 | 1.01
 532		 | 0.0007860759		 | 1.02
 533		 | 0.0007927748		 | 0.99
 534		 | 0.0007948425		 | 1.00
 535		 | 0.0007878311		 | 1.01
 536		 | 0.0007749909		 | 1.02
 537		 | 0.0007696078		 | 1.01
 538		 | 0.0007664563		 | 1.00
 539		 | 0.0007606613		 | 1.01
 540		 | 0.0006365294		 | 1.20
 541		 | 0.0007526968		 | 0.85
 542		 | 0.0007260097		 | 1.04
 543		 | 0.0007216329		 | 1.01
 544		 | 0.0007166636		 | 1.01
 545		 | 0.0007301200		 | 0.98
 546		 | 0.0007199449		 | 1.01
 547		 | 0.0007129067		 | 1.01
 548		 | 0.0007005097		 | 1.02
 549		 | 0.0007058279		 | 0.99
 550		 | 0.0007001276		 | 1.01
 551		 | 0.0006865316		 | 1.02
 552		 | 0.0006861185		 | 1.00
 553		 | 0.0006967021		 | 0.98
 554		 | 0.0006838713		 | 1.02
 555		 | 0.0006696468		 | 1.02
 556		 | 0.0006750566		 | 0.99
 557		 | 0.0006662056		 | 1.01
 558		 | 0.0006639620		 | 1.00
 559		 | 0.0006534702		 | 1.02
 560		 | 0.0006534994		 | 1.00
 561		 | 0.0006476128		 | 1.01
 562		 | 0.0006387075		 | 1.01
 563		 | 0.0006405860		 | 1.00
 564		 | 0.0006349035		 | 1.01
 565		 | 0.0006300225		 | 1.01
 566		 | 0.0006280666		 | 1.00
 567		 | 0.0006290057		 | 1.00
 568		 | 0.0006176031		 | 1.02
 569		 | 0.0006114018		 | 1.01
 570		 | 0.0006110086		 | 1.00
 571		 | 0.0006078217		 | 1.01
 572		 | 0.0006069991		 | 1.00
 573		 | 0.0006028166		 | 1.01
 574		 | 0.0005833627		 | 1.03
 575		 | 0.0005882639		 | 0.99
 576		 | 0.0005886813		 | 1.00
 577		 | 0.0005754077		 | 1.02
 578		 | 0.0005685847		 | 1.01
 579		 | 0.0005655318		 | 1.01
 580		 | 0.0005720586		 | 0.99
 581		 | 0.0005660902		 | 1.01
 582		 | 0.0005537139		 | 1.02
 583		 | 0.0005591873		 | 0.99
 584		 | 0.0005629053		 | 0.99
 585		 | 0.0005530744		 | 1.02
 586		 | 0.0005457359		 | 1.01
 587		 | 0.0005535242		 | 0.99
 588		 | 0.0005523521		 | 1.00
 589		 | 0.0005447352		 | 1.01
 590		 | 0.0005348494		 | 1.02
 591		 | 0.0005416699		 | 0.99
 592		 | 0.0005324279		 | 1.02
 593		 | 0.0005170857		 | 1.03
 594		 | 0.0005119607		 | 1.01
 595		 | 0.0005125981		 | 1.00
 596		 | 0.0005135835		 | 1.00
 597		 | 0.0005118987		 | 1.00
 598		 | 0.0005039374		 | 1.02
 599		 | 0.0005080479		 | 0.99
 600		 | 0.0005044522		 | 1.01
 601		 | 0.0005061515		 | 1.00
 602		 | 0.0005003138		 | 1.01
 603		 | 0.0004939482		 | 1.01
 604		 | 0.0004903070		 | 1.01
 605		 | 0.0004896134		 | 1.00
 606		 | 0.0004899622		 | 1.00
 607		 | 0.0004779116		 | 1.03
 608		 | 0.0004534035		 | 1.05
 609		 | 0.0004752261		 | 0.95
 610		 | 0.0004677367		 | 1.02
 611		 | 0.0004605948		 | 1.02
 612		 | 0.0004623975		 | 1.00
 613		 | 0.0004589488		 | 1.01
 614		 | 0.0004481780		 | 1.02
 615		 | 0.0004529320		 | 0.99
 616		 | 0.0004485052		 | 1.01
 617		 | 0.0004483696		 | 1.00
 618		 | 0.0004592704		 | 0.98
 619		 | 0.0004420447		 | 1.04
 620		 | 0.0004421261		 | 1.00
 621		 | 0.0004409354		 | 1.00
 622		 | 0.0004395131		 | 1.00
 623		 | 0.0004307735		 | 1.02
 624		 | 0.0004290968		 | 1.00
 625		 | 0.0004303112		 | 1.00
 626		 | 0.0004291559		 | 1.00
 627		 | 0.0004236717		 | 1.01
 628		 | 0.0004168465		 | 1.02
 629		 | 0.0004264586		 | 0.98
 630		 | 0.0004133946		 | 1.03
 631		 | 0.0004094519		 | 1.01
 632		 | 0.0004068193		 | 1.01
 633		 | 0.0004081379		 | 1.00
 634		 | 0.0004093783		 | 1.00
 635		 | 0.0004052063		 | 1.01
 636		 | 0.0003958608		 | 1.02
 637		 | 0.0003988838		 | 0.99
 638		 | 0.0003989529		 | 1.00
 639		 | 0.0003935748		 | 1.01
 640		 | 0.0003931103		 | 1.00
 641		 | 0.0003872240		 | 1.02
 642		 | 0.0003850187		 | 1.01
 643		 | 0.0003872108		 | 0.99
 644		 | 0.0003855601		 | 1.00
 645		 | 0.0003806984		 | 1.01
 646		 | 0.0003771560		 | 1.01
 647		 | 0.0003720725		 | 1.01
 648		 | 0.0003685581		 | 1.01
 649		 | 0.0003740690		 | 0.99
 650		 | 0.0003676665		 | 1.02
 651		 | 0.0003658829		 | 1.00
 652		 | 0.0003679819		 | 0.99
 653		 | 0.0003579679		 | 1.03
 654		 | 0.0003634407		 | 0.98
 655		 | 0.0003585401		 | 1.01
 656		 | 0.0003578042		 | 1.00
 657		 | 0.0003561088		 | 1.00
 658		 | 0.0003465612		 | 1.03
 659		 | 0.0003510459		 | 0.99
 660		 | 0.0003521626		 | 1.00
 661		 | 0.0003455179		 | 1.02
 662		 | 0.0003421087		 | 1.01
 663		 | 0.0003382908		 | 1.01
 664		 | 0.0003442570		 | 0.98
 665		 | 0.0003403693		 | 1.01
 666		 | 0.0003382378		 | 1.01
 667		 | 0.0003347080		 | 1.01
 668		 | 0.0003360990		 | 1.00
 669		 | 0.0003334409		 | 1.01
 670		 | 0.0003284278		 | 1.02
 671		 | 0.0003308692		 | 0.99
 672		 | 0.0003226587		 | 1.03
 673		 | 0.0003223451		 | 1.00
 674		 | 0.0003110576		 | 1.04
 675		 | 0.0003058750		 | 1.02
 676		 | 0.0003166499		 | 0.97
 677		 | 0.0003137811		 | 1.01
 678		 | 0.0003137099		 | 1.00
 679		 | 0.0003083360		 | 1.02
 680		 | 0.0003081686		 | 1.00
 681		 | 0.0003094687		 | 1.00
 682		 | 0.0003136097		 | 0.99
 683		 | 0.0003022696		 | 1.04
 684		 | 0.0003092749		 | 0.98
 685		 | 0.0002988363		 | 1.03
 686		 | 0.0003022351		 | 0.99
 687		 | 0.0003008533		 | 1.00
 688		 | 0.0002925661		 | 1.03
 689		 | 0.0002959122		 | 0.99
 690		 | 0.0002981730		 | 0.99
 691		 | 0.0002884328		 | 1.03
 692		 | 0.0002812729		 | 1.03
 693		 | 0.0002864527		 | 0.98
 694		 | 0.0002839437		 | 1.01
 695		 | 0.0002829488		 | 1.00
 696		 | 0.0002834825		 | 1.00
 697		 | 0.0002758985		 | 1.03
 698		 | 0.0002872321		 | 0.96
 699		 | 0.0002752212		 | 1.04
 700		 | 0.0002742148		 | 1.00
 701		 | 0.0002748576		 | 1.00
 702		 | 0.0002829956		 | 0.97
 703		 | 0.0002722494		 | 1.04
 704		 | 0.0002621539		 | 1.04
 705		 | 0.0002634333		 | 1.00
 706		 | 0.0002689545		 | 0.98
 707		 | 0.0002659640		 | 1.01
 708		 | 0.0002592709		 | 1.03
 709		 | 0.0002644204		 | 0.98
 710		 | 0.0002617520		 | 1.01
 711		 | 0.0002572372		 | 1.02
 712		 | 0.0002529585		 | 1.02
 713		 | 0.0002532313		 | 1.00
 714		 | 0.0002542224		 | 1.00
 715		 | 0.0002559362		 | 0.99
 716		 | 0.0002493049		 | 1.03
 717		 | 0.0002459277		 | 1.01
 718		 | 0.0002510663		 | 0.98
 719		 | 0.0002485240		 | 1.01
 720		 | 0.0002475257		 | 1.00
 721		 | 0.0002396949		 | 1.03
 722		 | 0.0002466205		 | 0.97
 723		 | 0.0002452207		 | 1.01
 724		 | 0.0002448221		 | 1.00
 725		 | 0.0002378112		 | 1.03
 726		 | 0.0002316381		 | 1.03
 727		 | 0.0002368274		 | 0.98
 728		 | 0.0002379204		 | 1.00
 729		 | 0.0002322498		 | 1.02
 730		 | 0.0002324952		 | 1.00
 731		 | 0.0002282847		 | 1.02
 732		 | 0.0002291754		 | 1.00
 733		 | 0.0002337907		 | 0.98
 734		 | 0.0002230645		 | 1.05
 735		 | 0.0002279485		 | 0.98
 736		 | 0.0002321726		 | 0.98
 737		 | 0.0002214490		 | 1.05
 738		 | 0.0002157636		 | 1.03
 739		 | 0.0002275412		 | 0.95
 740		 | 0.0002249831		 | 1.01
 741		 | 0.0002242093		 | 1.00
 742		 | 0.0002088392		 | 1.07
 743		 | 0.0002094255		 | 1.00
 744		 | 0.0002188022		 | 0.96
 745		 | 0.0002075475		 | 1.05
 746		 | 0.0002107609		 | 0.98
 747		 | 0.0002105324		 | 1.00
 748		 | 0.0002141302		 | 0.98
 749		 | 0.0002077034		 | 1.03
 750		 | 0.0002070733		 | 1.00
 751		 | 0.0002050169		 | 1.01
 752		 | 0.0002080539		 | 0.99
 753		 | 0.0002013547		 | 1.03
 754		 | 0.0002046310		 | 0.98
 755		 | 0.0002047269		 | 1.00
 756		 | 0.0002017082		 | 1.01
 757		 | 0.0001994859		 | 1.01
 758		 | 0.0001990239		 | 1.00
 759		 | 0.0001988096		 | 1.00
 760		 | 0.0001866843		 | 1.06
 761		 | 0.0001935741		 | 0.96
 762		 | 0.0002005846		 | 0.97
 763		 | 0.0001855109		 | 1.08
 764		 | 0.0001845696		 | 1.01
 765		 | 0.0001880233		 | 0.98
 766		 | 0.0001904524		 | 0.99
 767		 | 0.0001850490		 | 1.03
 768		 | 0.0001853795		 | 1.00
 769		 | 0.0001828435		 | 1.01
 770		 | 0.0001926503		 | 0.95
 771		 | 0.0001873706		 | 1.03
 772		 | 0.0001786734		 | 1.05
 773		 | 0.0001809935		 | 0.99
 774		 | 0.0001839783		 | 0.98
 775		 | 0.0001759808		 | 1.05
 776		 | 0.0001543480		 | 1.14
 777		 | 0.0001567806		 | 0.98
 778		 | 0.0001817712		 | 0.86
 779		 | 0.0001756129		 | 1.04
 780		 | 0.0001684171		 | 1.04
 781		 | 0.0001712164		 | 0.98
 782		 | 0.0001763659		 | 0.97
 783		 | 0.0001760275		 | 1.00
 784		 | 0.0001631375		 | 1.08
 785		 | 0.0001716965		 | 0.95
 786		 | 0.0001722577		 | 1.00
 787		 | 0.0001729202		 | 1.00
 788		 | 0.0001657117		 | 1.04
 789		 | 0.0001625332		 | 1.02
 790		 | 0.0001668197		 | 0.97
 791		 | 0.0001510895		 | 1.10
 792		 | 0.0001659989		 | 0.91
 793		 | 0.0001645159		 | 1.01
 794		 | 0.0001550647		 | 1.06
 795		 | 0.0001559747		 | 0.99
 796		 | 0.0001644467		 | 0.95
 797		 | 0.0001632854		 | 1.01
 798		 | 0.0001480106		 | 1.10
 799		 | 0.0001570983		 | 0.94
 800		 | 0.0001588792		 | 0.99
 801		 | 0.0001514138		 | 1.05
 802		 | 0.0001440995		 | 1.05
 803		 | 0.0001529670		 | 0.94
 804		 | 0.0001521594		 | 1.01
 805		 | 0.0001511627		 | 1.01
 806		 | 0.0001388253		 | 1.09
 807		 | 0.0001397247		 | 0.99
 808		 | 0.0001532833		 | 0.91
 809		 | 0.0001452704		 | 1.06
 810		 | 0.0001352103		 | 1.07
 811		 | 0.0001450196		 | 0.93
 812		 | 0.0001399359		 | 1.04
 813		 | 0.0001395026		 | 1.00
 814		 | 0.0001374399		 | 1.02
 815		 | 0.0001371436		 | 1.00
 816		 | 0.0001380691		 | 0.99
 817		 | 0.0001454480		 | 0.95
 818		 | 0.0001373352		 | 1.06
 819		 | 0.0001315071		 | 1.04
 820		 | 0.0001464758		 | 0.90
 821		 | 0.0001364907		 | 1.07
 822		 | 0.0001364201		 | 1.00
 823		 | 0.0001164187		 | 1.17
 824		 | 0.0001340538		 | 0.87
 825		 | 0.0001374311		 | 0.98
 826		 | 0.0001231396		 | 1.12
 827		 | 0.0001289917		 | 0.95
 828		 | 0.0001242431		 | 1.04
 829		 | 0.0001254834		 | 0.99
 830		 | 0.0001257271		 | 1.00
 831		 | 0.0001257820		 | 1.00
 832		 | 0.0001187222		 | 1.06
 833		 | 0.0001086551		 | 1.09
 834		 | 0.0001261043		 | 0.86
 835		 | 0.0001278617		 | 0.99
 836		 | 0.0001187919		 | 1.08
 837		 | 0.0001235067		 | 0.96
 838		 | 0.0001257609		 | 0.98
 839		 | 0.0001178290		 | 1.07
 840		 | 0.0001170250		 | 1.01
 841		 | 0.0001041150		 | 1.12
 842		 | 0.0001185116		 | 0.88
 843		 | 0.0001163600		 | 1.02
 844		 | 0.0000304405		 | 3.82
 845		 | 0.0001158590		 | 0.26
 846		 | 0.0001155433		 | 1.00
 847		 | 0.0000979691		 | 1.18
 848		 | 0.0001076702		 | 0.91
 849		 | 0.0001079401		 | 1.00
 850		 | 0.0001140558		 | 0.95
 851		 | 0.0001053796		 | 1.08
 852		 | 0.0001040480		 | 1.01
 853		 | 0.0001111129		 | 0.94
 854		 | 0.0001113631		 | 1.00
 855		 | 0.0000901932		 | 1.23
 856		 | 0.0001019951		 | 0.88
 857		 | 0.0001019800		 | 1.00
 858		 | 0.0001015912		 | 1.00
 859		 | 0.0001048608		 | 0.97
 860		 | 0.0000965362		 | 1.09
 861		 | 0.0000968061		 | 1.00
 862		 | 0.0000935445		 | 1.03
 863		 | 0.0001036435		 | 0.90
 864		 | 0.0000969822		 | 1.07
 865		 | 0.0000872612		 | 1.11
 866		 | 0.0000952417		 | 0.92
 867		 | 0.0000941552		 | 1.01
 868		 | 0.0001068984		 | 0.88
 869		 | 0.0000872979		 | 1.22
 870		 | 0.0000930086		 | 0.94
 871		 | 0.0000998836		 | 0.93
 872		 | 0.0000872415		 | 1.14
 873		 | 0.0000884733		 | 0.99
 874		 | 0.0000879961		 | 1.01
 875		 | 0.0000851814		 | 1.03
 876		 | 0.0000853664		 | 1.00
 877		 | 0.0000895467		 | 0.95
 878		 | 0.0000814118		 | 1.10
 879		 | 0.0000867973		 | 0.94
 880		 | 0.0000927987		 | 0.94
 881		 | 0.0000776228		 | 1.20
 882		 | 0.0000738292		 | 1.05
 883		 | 0.0000846135		 | 0.87
 884		 | 0.0000820282		 | 1.03
 885		 | 0.0000820819		 | 1.00
 886		 | 0.0000759724		 | 1.08
 887		 | 0.0000757583		 | 1.00
 888		 | 0.0000843247		 | 0.90
 889		 | 0.0000748863		 | 1.13
 890		 | 0.0000753023		 | 0.99
 891		 | 0.0000764904		 | 0.98
 892		 | 0.0000806147		 | 0.95
 893		 | 0.0000727916		 | 1.11
 894		 | 0.0000733762		 | 0.99
 895		 | 0.0000721119		 | 1.02
 896		 | 0.0000749303		 | 0.96
 897		 | 0.0000673906		 | 1.11
 898		 | 0.0000730615		 | 0.92
 899		 | 0.0000657918		 | 1.11
 900		 | 0.0000725181		 | 0.91
 901		 | 0.0000730786		 | 0.99
 902		 | 0.0000705574		 | 1.04
 903		 | 0.0000699778		 | 1.01
 904		 | 0.0000661823		 | 1.06
 905		 | 0.0000729074		 | 0.91
 906		 | 0.0000676128		 | 1.08
 907		 | 0.0000644575		 | 1.05
 908		 | 0.0000629510		 | 1.02
 909		 | 0.0000678235		 | 0.93
 910		 | 0.0000575117		 | 1.18
 911		 | 0.0000612131		 | 0.94
 912		 | 0.0000615317		 | 0.99
 913		 | 0.0000612379		 | 1.00
 914		 | 0.0000612326		 | 1.00
 915		 | 0.0000578923		 | 1.06
 916		 | 0.0000585898		 | 0.99
 917		 | 0.0000606167		 | 0.97
 918		 | 0.0000623058		 | 0.97
 919		 | 0.0000567032		 | 1.10
 920		 | 0.0000599845		 | 0.95
 921		 | 0.0000599684		 | 1.00
 922		 | 0.0000585365		 | 1.02
 923		 | 0.0000566174		 | 1.03
 924		 | 0.0000489736		 | 1.16
 925		 | 0.0000517703		 | 0.95
 926		 | 0.0000593178		 | 0.87
 927		 | 0.0000487397		 | 1.22
 928		 | 0.0000539347		 | 0.90
 929		 | 0.0000525226		 | 1.03
 930		 | 0.0000524193		 | 1.00
 931		 | 0.0000494053		 | 1.06
 932		 | 0.0000475088		 | 1.04
 933		 | 0.0000472044		 | 1.01
 934		 | 0.0000523538		 | 0.90
 935		 | 0.0000424711		 | 1.23
 936		 | 0.0000457162		 | 0.93
 937		 | 0.0000467069		 | 0.98
 938		 | 0.0000464373		 | 1.01
 939		 | 0.0000459550		 | 1.01
 940		 | 0.0000436645		 | 1.05
 941		 | 0.0000419303		 | 1.04
 942		 | 0.0000434597		 | 0.96
 943		 | 0.0000451613		 | 0.96
 944		 | 0.0000373694		 | 1.21
 945		 | 0.0000411888		 | 0.91
 946		 | 0.0000411171		 | 1.00
 947		 | 0.0000390267		 | 1.05
 948		 | 0.0000392345		 | 0.99
 949		 | 0.0000377980		 | 1.04
 950		 | 0.0000402745		 | 0.94
 951		 | 0.0000386512		 | 1.04
 952		 | 0.0000369135		 | 1.05
 953		 | 0.0000401973		 | 0.92
 954		 | 0.0000388172		 | 1.04
 955		 | 0.0000372918		 | 1.04
 956		 | 0.0000385622		 | 0.97
 957		 | 0.0000379003		 | 1.02
 958		 | 0.0000331789		 | 1.14
 959		 | 0.0000316970		 | 1.05
 960		 | 0.0000368488		 | 0.86
 961		 | 0.0000325681		 | 1.13
 962		 | 0.0000528872		 | 0.62
 963		 | 0.0000323608		 | 1.63
 964		 | 0.0000339193		 | 0.95
 965		 | 0.0000299977		 | 1.13
 966		 | 0.0000297720		 | 1.01
 967		 | 0.0000308093		 | 0.97
 968		 | 0.0000311515		 | 0.99
 969		 | 0.0000315436		 | 0.99
 970		 | 0.0000281539		 | 1.12
 971		 | 0.0000315389		 | 0.89
 972		 | 0.0000276856		 | 1.14
 973		 | 0.0000263703		 | 1.05
 974		 | 0.0000272925		 | 0.97
 975		 | 0.0000269493		 | 1.01
 976		 | 0.0000254116		 | 1.06
 977		 | 0.0000265800		 | 0.96
 978		 | 0.0000260478		 | 1.02
 979		 | 0.0000225504		 | 1.16
 980		 | 0.0000211935		 | 1.06
 981		 | 0.0000245884		 | 0.86
 982		 | 0.0000222206		 | 1.11
 983		 | 0.0000228753		 | 0.97
 984		 | 0.0000227034		 | 1.01
 985		 | 0.0000220749		 | 1.03
 986		 | 0.0000207628		 | 1.06
 987		 | 0.0000221173		 | 0.94
 988		 | 0.0000210436		 | 1.05
 989		 | 0.0000183412		 | 1.15
 990		 | 0.0000186847		 | 0.98
 991		 | 0.0000214795		 | 0.87
 992		 | 0.0000182364		 | 1.18
 993		 | 0.0000181016		 | 1.01
 994		 | 0.0000200156		 | 0.90
 995		 | 0.0000210802		 | 0.95
 996		 | 0.0000163551		 | 1.29
 997		 | 0.0000159207		 | 1.03
 998		 | 0.0000201751		 | 0.79
 999		 | 0.0000145071		 | 1.39
1000		 | 0.0000123487		 | 1.17