Resize Kernel: Bicubic b 0.33 c 0.33
Native resolution(s) (best guess): 947p, 812p, 995p
Please check the graph manually for more accurate results

Raw data:
Resolution	 | Relative Error	 | Relative difference from last
 500		 | 0.0056058717		 | 0.00
 501		 | 0.0055781094		 | 1.00
 502		 | 0.0056745494		 | 0.98
 503		 | 0.0056410999		 | 1.01
 504		 | 0.0055778804		 | 1.01
 505		 | 0.0055321098		 | 1.01
 506		 | 0.0055441604		 | 1.00
 507		 | 0.0055050423		 | 1.01
 508		 | 0.0054562843		 | 1.01
 509		 | 0.0053887772		 | 1.01
 510		 | 0.0053929441		 | 1.00
 511		 | 0.0054787094		 | 0.98
 512		 | 0.0053607543		 | 1.02
 513		 | 0.0053414060		 | 1.00
 514		 | 0.0053272385		 | 1.00
 515		 | 0.0052474328		 | 1.02
 516		 | 0.0052393705		 | 1.00
 517		 | 0.0052100248		 | 1.01
 518		 | 0.0052295839		 | 1.00
 519		 | 0.0051559569		 | 1.01
 520		 | 0.0051193997		 | 1.01
 521		 | 0.0050779748		 | 1.01
 522		 | 0.0050620866		 | 1.00
 523		 | 0.0051091322		 | 0.99
 524		 | 0.0049939646		 | 1.02
 525		 | 0.0049447784		 | 1.01
 526		 | 0.0049407381		 | 1.00
 527		 | 0.0049249102		 | 1.00
 528		 | 0.0048430808		 | 1.02
 529		 | 0.0048656301		 | 1.00
 530		 | 0.0048518856		 | 1.00
 531		 | 0.0047847806		 | 1.01
 532		 | 0.0047934777		 | 1.00
 533		 | 0.0047303837		 | 1.01
 534		 | 0.0046944806		 | 1.01
 535		 | 0.0046576999		 | 1.01
 536		 | 0.0046145559		 | 1.01
 537		 | 0.0046477650		 | 0.99
 538		 | 0.0046107651		 | 1.01
 539		 | 0.0045839544		 | 1.01
 540		 | 0.0045168763		 | 1.01
 541		 | 0.0044724938		 | 1.01
 542		 | 0.0043979803		 | 1.02
 543		 | 0.0044389929		 | 0.99
 544		 | 0.0043998834		 | 1.01
 545		 | 0.0043486307		 | 1.01
 546		 | 0.0043238017		 | 1.01
 547		 | 0.0042527991		 | 1.02
 548		 | 0.0042787575		 | 0.99
 549		 | 0.0042806834		 | 1.00
 550		 | 0.0042336260		 | 1.01
 551		 | 0.0041714426		 | 1.01
 552		 | 0.0041632426		 | 1.00
 553		 | 0.0042114840		 | 0.99
 554		 | 0.0041931193		 | 1.00
 555		 | 0.0041424969		 | 1.01
 556		 | 0.0041110983		 | 1.01
 557		 | 0.0040986174		 | 1.00
 558		 | 0.0040735261		 | 1.01
 559		 | 0.0040336984		 | 1.01
 560		 | 0.0040676797		 | 0.99
 561		 | 0.0040695330		 | 1.00
 562		 | 0.0040090309		 | 1.02
 563		 | 0.0039266347		 | 1.02
 564		 | 0.0039706307		 | 0.99
 565		 | 0.0039647770		 | 1.00
 566		 | 0.0039226128		 | 1.01
 567		 | 0.0039651615		 | 0.99
 568		 | 0.0039321844		 | 1.01
 569		 | 0.0039493609		 | 1.00
 570		 | 0.0039159362		 | 1.01
 571		 | 0.0039181303		 | 1.00
 572		 | 0.0038811416		 | 1.01
 573		 | 0.0038725370		 | 1.00
 574		 | 0.0038717146		 | 1.00
 575		 | 0.0038653813		 | 1.00
 576		 | 0.0038682507		 | 1.00
 577		 | 0.0038054463		 | 1.02
 578		 | 0.0037791507		 | 1.01
 579		 | 0.0037624815		 | 1.00
 580		 | 0.0037681014		 | 1.00
 581		 | 0.0037500801		 | 1.00
 582		 | 0.0037399045		 | 1.00
 583		 | 0.0037548264		 | 1.00
 584		 | 0.0036815078		 | 1.02
 585		 | 0.0036791219		 | 1.00
 586		 | 0.0036687768		 | 1.00
 587		 | 0.0036845182		 | 1.00
 588		 | 0.0036695597		 | 1.00
 589		 | 0.0036363489		 | 1.01
 590		 | 0.0036116394		 | 1.01
 591		 | 0.0035970300		 | 1.00
 592		 | 0.0035495248		 | 1.01
 593		 | 0.0035042574		 | 1.01
 594		 | 0.0034826034		 | 1.01
 595		 | 0.0034578311		 | 1.01
 596		 | 0.0034246725		 | 1.01
 597		 | 0.0034499042		 | 0.99
 598		 | 0.0034230197		 | 1.01
 599		 | 0.0033740277		 | 1.01
 600		 | 0.0033090672		 | 1.02
 601		 | 0.0033489210		 | 0.99
 602		 | 0.0033220205		 | 1.01
 603		 | 0.0033011358		 | 1.01
 604		 | 0.0033050865		 | 1.00
 605		 | 0.0032570445		 | 1.01
 606		 | 0.0032434060		 | 1.00
 607		 | 0.0032010820		 | 1.01
 608		 | 0.0032317960		 | 0.99
 609		 | 0.0032182713		 | 1.00
 610		 | 0.0031646349		 | 1.02
 611		 | 0.0031464256		 | 1.01
 612		 | 0.0031305359		 | 1.01
 613		 | 0.0031010293		 | 1.01
 614		 | 0.0030457105		 | 1.02
 615		 | 0.0030356269		 | 1.00
 616		 | 0.0030137737		 | 1.01
 617		 | 0.0030307246		 | 0.99
 618		 | 0.0029891461		 | 1.01
 619		 | 0.0029196488		 | 1.02
 620		 | 0.0029547461		 | 0.99
 621		 | 0.0029277125		 | 1.01
 622		 | 0.0028623853		 | 1.02
 623		 | 0.0029034624		 | 0.99
 624		 | 0.0028965713		 | 1.00
 625		 | 0.0028837449		 | 1.00
 626		 | 0.0028444230		 | 1.01
 627		 | 0.0028548124		 | 1.00
 628		 | 0.0028683341		 | 1.00
 629		 | 0.0028269324		 | 1.01
 630		 | 0.0028025297		 | 1.01
 631		 | 0.0028078373		 | 1.00
 632		 | 0.0027984109		 | 1.00
 633		 | 0.0028129961		 | 0.99
 634		 | 0.0027473895		 | 1.02
 635		 | 0.0027431101		 | 1.00
 636		 | 0.0027441573		 | 1.00
 637		 | 0.0027113849		 | 1.01
 638		 | 0.0027015502		 | 1.00
 639		 | 0.0027070913		 | 1.00
 640		 | 0.0026741220		 | 1.01
 641		 | 0.0026838024		 | 1.00
 642		 | 0.0026888971		 | 1.00
 643		 | 0.0026930847		 | 1.00
 644		 | 0.0026637220		 | 1.01
 645		 | 0.0026613077		 | 1.00
 646		 | 0.0026736157		 | 1.00
 647		 | 0.0026467622		 | 1.01
 648		 | 0.0026529979		 | 1.00
 649		 | 0.0026375669		 | 1.01
 650		 | 0.0026290562		 | 1.00
 651		 | 0.0026214491		 | 1.00
 652		 | 0.0025974185		 | 1.01
 653		 | 0.0025874041		 | 1.00
 654		 | 0.0025675950		 | 1.01
 655		 | 0.0025592197		 | 1.00
 656		 | 0.0024920489		 | 1.03
 657		 | 0.0024792615		 | 1.01
 658		 | 0.0024881082		 | 1.00
 659		 | 0.0024997778		 | 1.00
 660		 | 0.0025159245		 | 0.99
 661		 | 0.0024723123		 | 1.02
 662		 | 0.0024712979		 | 1.00
 663		 | 0.0024221398		 | 1.02
 664		 | 0.0024233301		 | 1.00
 665		 | 0.0024515221		 | 0.99
 666		 | 0.0024307004		 | 1.01
 667		 | 0.0024137239		 | 1.01
 668		 | 0.0023911148		 | 1.01
 669		 | 0.0023810411		 | 1.00
 670		 | 0.0023942711		 | 0.99
 671		 | 0.0023727146		 | 1.01
 672		 | 0.0023332682		 | 1.02
 673		 | 0.0022989991		 | 1.01
 674		 | 0.0022329926		 | 1.03
 675		 | 0.0022449125		 | 0.99
 676		 | 0.0022578927		 | 0.99
 677		 | 0.0022298186		 | 1.01
 678		 | 0.0022144661		 | 1.01
 679		 | 0.0021937509		 | 1.01
 680		 | 0.0021864711		 | 1.00
 681		 | 0.0021707722		 | 1.01
 682		 | 0.0021528701		 | 1.01
 683		 | 0.0021674828		 | 0.99
 684		 | 0.0021282928		 | 1.02
 685		 | 0.0021259752		 | 1.00
 686		 | 0.0021412625		 | 0.99
 687		 | 0.0021482933		 | 1.00
 688		 | 0.0021187923		 | 1.01
 689		 | 0.0021060290		 | 1.01
 690		 | 0.0020800463		 | 1.01
 691		 | 0.0020603182		 | 1.01
 692		 | 0.0020693725		 | 1.00
 693		 | 0.0020440346		 | 1.01
 694		 | 0.0020201140		 | 1.01
 695		 | 0.0020309451		 | 0.99
 696		 | 0.0020238407		 | 1.00
 697		 | 0.0020286264		 | 1.00
 698		 | 0.0019915327		 | 1.02
 699		 | 0.0019736931		 | 1.01
 700		 | 0.0019598307		 | 1.01
 701		 | 0.0019627024		 | 1.00
 702		 | 0.0019756449		 | 0.99
 703		 | 0.0019787246		 | 1.00
 704		 | 0.0019694962		 | 1.00
 705		 | 0.0019603875		 | 1.00
 706		 | 0.0019427146		 | 1.01
 707		 | 0.0019309701		 | 1.01
 708		 | 0.0019232204		 | 1.00
 709		 | 0.0019165795		 | 1.00
 710		 | 0.0019085276		 | 1.00
 711		 | 0.0018818765		 | 1.01
 712		 | 0.0018587386		 | 1.01
 713		 | 0.0018567948		 | 1.00
 714		 | 0.0018327205		 | 1.01
 715		 | 0.0018242142		 | 1.00
 716		 | 0.0018112104		 | 1.01
 717		 | 0.0018157511		 | 1.00
 718		 | 0.0018119589		 | 1.00
 719		 | 0.0017978594		 | 1.01
 720		 | 0.0017919422		 | 1.00
 721		 | 0.0017757330		 | 1.01
 722		 | 0.0017865575		 | 0.99
 723		 | 0.0018001112		 | 0.99
 724		 | 0.0017956636		 | 1.00
 725		 | 0.0017835657		 | 1.01
 726		 | 0.0017729501		 | 1.01
 727		 | 0.0017647095		 | 1.00
 728		 | 0.0017375451		 | 1.02
 729		 | 0.0017593089		 | 0.99
 730		 | 0.0017183863		 | 1.02
 731		 | 0.0016839832		 | 1.02
 732		 | 0.0016470248		 | 1.02
 733		 | 0.0016636214		 | 0.99
 734		 | 0.0016863411		 | 0.99
 735		 | 0.0016523411		 | 1.02
 736		 | 0.0016323586		 | 1.01
 737		 | 0.0016003198		 | 1.02
 738		 | 0.0016259339		 | 0.98
 739		 | 0.0016057663		 | 1.01
 740		 | 0.0016112340		 | 1.00
 741		 | 0.0016271814		 | 0.99
 742		 | 0.0016222528		 | 1.00
 743		 | 0.0015903400		 | 1.02
 744		 | 0.0015807696		 | 1.01
 745		 | 0.0015901357		 | 0.99
 746		 | 0.0015754666		 | 1.01
 747		 | 0.0015429744		 | 1.02
 748		 | 0.0015220692		 | 1.01
 749		 | 0.0015150675		 | 1.00
 750		 | 0.0015109478		 | 1.00
 751		 | 0.0014767120		 | 1.02
 752		 | 0.0014811730		 | 1.00
 753		 | 0.0014586724		 | 1.02
 754		 | 0.0014338253		 | 1.02
 755		 | 0.0014512034		 | 0.99
 756		 | 0.0014239118		 | 1.02
 757		 | 0.0014399108		 | 0.99
 758		 | 0.0014432920		 | 1.00
 759		 | 0.0014441440		 | 1.00
 760		 | 0.0014580547		 | 0.99
 761		 | 0.0014506528		 | 1.01
 762		 | 0.0014428669		 | 1.01
 763		 | 0.0014497442		 | 1.00
 764		 | 0.0014315098		 | 1.01
 765		 | 0.0014223550		 | 1.01
 766		 | 0.0014181946		 | 1.00
 767		 | 0.0014241125		 | 1.00
 768		 | 0.0013998338		 | 1.02
 769		 | 0.0013985632		 | 1.00
 770		 | 0.0013986296		 | 1.00
 771		 | 0.0013838998		 | 1.01
 772		 | 0.0013729035		 | 1.01
 773		 | 0.0013660070		 | 1.01
 774		 | 0.0013451264		 | 1.02
 775		 | 0.0013443404		 | 1.00
 776		 | 0.0013647145		 | 0.99
 777		 | 0.0013734427		 | 0.99
 778		 | 0.0013577979		 | 1.01
 779		 | 0.0013598567		 | 1.00
 780		 | 0.0013404829		 | 1.01
 781		 | 0.0013681814		 | 0.98
 782		 | 0.0013702273		 | 1.00
 783		 | 0.0013330473		 | 1.03
 784		 | 0.0013220368		 | 1.01
 785		 | 0.0012917316		 | 1.02
 786		 | 0.0012872875		 | 1.00
 787		 | 0.0012988315		 | 0.99
 788		 | 0.0013070139		 | 0.99
 789		 | 0.0012715502		 | 1.03
 790		 | 0.0012478167		 | 1.02
 791		 | 0.0012024257		 | 1.04
 792		 | 0.0011956873		 | 1.01
 793		 | 0.0012000786		 | 1.00
 794		 | 0.0011971814		 | 1.00
 795		 | 0.0011737608		 | 1.02
 796		 | 0.0011490786		 | 1.02
 797		 | 0.0011523654		 | 1.00
 798		 | 0.0011891622		 | 0.97
 799		 | 0.0012177127		 | 0.98
 800		 | 0.0011986774		 | 1.02
 801		 | 0.0011539684		 | 1.04
 802		 | 0.0011503430		 | 1.00
 803		 | 0.0011230894		 | 1.02
 804		 | 0.0010988123		 | 1.02
 805		 | 0.0010876329		 | 1.01
 806		 | 0.0010845288		 | 1.00
 807		 | 0.0011263125		 | 0.96
 808		 | 0.0011477916		 | 0.98
 809		 | 0.0011305094		 | 1.02
 810		 | 0.0010813857		 | 1.05
 811		 | 0.0009596920		 | 1.13
 812		 | 0.0007885373		 | 1.22
 813		 | 0.0009438441		 | 0.84
 814		 | 0.0010923694		 | 0.86
 815		 | 0.0011247647		 | 0.97
 816		 | 0.0010764210		 | 1.04
 817		 | 0.0009721929		 | 1.11
 818		 | 0.0009763524		 | 1.00
 819		 | 0.0009851241		 | 0.99
 820		 | 0.0010078667		 | 0.98
 821		 | 0.0010141408		 | 0.99
 822		 | 0.0009969738		 | 1.02
 823		 | 0.0009604039		 | 1.04
 824		 | 0.0009920654		 | 0.97
 825		 | 0.0010071187		 | 0.99
 826		 | 0.0009617198		 | 1.05
 827		 | 0.0009198798		 | 1.05
 828		 | 0.0009193836		 | 1.00
 829		 | 0.0009194360		 | 1.00
 830		 | 0.0009169440		 | 1.00
 831		 | 0.0009113613		 | 1.01
 832		 | 0.0008986339		 | 1.01
 833		 | 0.0009004164		 | 1.00
 834		 | 0.0009238533		 | 0.97
 835		 | 0.0009528036		 | 0.97
 836		 | 0.0009519681		 | 1.00
 837		 | 0.0009327651		 | 1.02
 838		 | 0.0009266316		 | 1.01
 839		 | 0.0009288621		 | 1.00
 840		 | 0.0009488056		 | 0.98
 841		 | 0.0009424308		 | 1.01
 842		 | 0.0009422246		 | 1.00
 843		 | 0.0009329888		 | 1.01
 844		 | 0.0009261062		 | 1.01
 845		 | 0.0009351192		 | 0.99
 846		 | 0.0009088361		 | 1.03
 847		 | 0.0009081934		 | 1.00
 848		 | 0.0008667162		 | 1.05
 849		 | 0.0008632125		 | 1.00
 850		 | 0.0008850878		 | 0.98
 851		 | 0.0008663685		 | 1.02
 852		 | 0.0008765633		 | 0.99
 853		 | 0.0008815010		 | 0.99
 854		 | 0.0008590614		 | 1.03
 855		 | 0.0008634752		 | 0.99
 856		 | 0.0008501920		 | 1.02
 857		 | 0.0008441622		 | 1.01
 858		 | 0.0008390561		 | 1.01
 859		 | 0.0008454910		 | 0.99
 860		 | 0.0008299173		 | 1.02
 861		 | 0.0008447314		 | 0.98
 862		 | 0.0008091641		 | 1.04
 863		 | 0.0007757346		 | 1.04
 864		 | 0.0007726855		 | 1.00
 865		 | 0.0007666434		 | 1.01
 866		 | 0.0007696063		 | 1.00
 867		 | 0.0007372896		 | 1.04
 868		 | 0.0007131523		 | 1.03
 869		 | 0.0007109576		 | 1.00
 870		 | 0.0006708364		 | 1.06
 871		 | 0.0006784043		 | 0.99
 872		 | 0.0006861334		 | 0.99
 873		 | 0.0006607873		 | 1.04
 874		 | 0.0006590084		 | 1.00
 875		 | 0.0006636225		 | 0.99
 876		 | 0.0006741241		 | 0.98
 877		 | 0.0006544079		 | 1.03
 878		 | 0.0006389096		 | 1.02
 879		 | 0.0006529083		 | 0.98
 880		 | 0.0006467734		 | 1.01
 881		 | 0.0006415095		 | 1.01
 882		 | 0.0006382704		 | 1.01
 883		 | 0.0006200433		 | 1.03
 884		 | 0.0006013886		 | 1.03
 885		 | 0.0005828023		 | 1.03
 886		 | 0.0005717618		 | 1.02
 887		 | 0.0005677066		 | 1.01
 888		 | 0.0005737712		 | 0.99
 889		 | 0.0005858812		 | 0.98
 890		 | 0.0005749517		 | 1.02
 891		 | 0.0005542154		 | 1.04
 892		 | 0.0005617549		 | 0.99
 893		 | 0.0005686693		 | 0.99
 894		 | 0.0005687264		 | 1.00
 895		 | 0.0005576724		 | 1.02
 896		 | 0.0005569365		 | 1.00
 897		 | 0.0005619726		 | 0.99
 898		 | 0.0005701248		 | 0.99
 899		 | 0.0005831400		 | 0.98
 900		 | 0.0005675743		 | 1.03
 901		 | 0.0005609606		 | 1.01
 902		 | 0.0005349400		 | 1.05
 903		 | 0.0005522515		 | 0.97
 904		 | 0.0005396838		 | 1.02
 905		 | 0.0005151759		 | 1.05
 906		 | 0.0005262892		 | 0.98
 907		 | 0.0005013988		 | 1.05
 908		 | 0.0005435387		 | 0.92
 909		 | 0.0005512928		 | 0.99
 910		 | 0.0005285131		 | 1.04
 911		 | 0.0005205308		 | 1.02
 912		 | 0.0005212787		 | 1.00
 913		 | 0.0005179849		 | 1.01
 914		 | 0.0005291138		 | 0.98
 915		 | 0.0005330647		 | 0.99
 916		 | 0.0005305411		 | 1.00
 917		 | 0.0005322242		 | 1.00
 918		 | 0.0005241560		 | 1.02
 919		 | 0.0005339046		 | 0.98
 920		 | 0.0005082746		 | 1.05
 921		 | 0.0004891196		 | 1.04
 922		 | 0.0004700537		 | 1.04
 923		 | 0.0004607704		 | 1.02
 924		 | 0.0004584436		 | 1.01
 925		 | 0.0004503930		 | 1.02
 926		 | 0.0004526205		 | 1.00
 927		 | 0.0004526312		 | 1.00
 928		 | 0.0004228844		 | 1.07
 929		 | 0.0004244166		 | 1.00
 930		 | 0.0004194178		 | 1.01
 931		 | 0.0003960594		 | 1.06
 932		 | 0.0003985743		 | 0.99
 933		 | 0.0004291300		 | 0.93
 934		 | 0.0003912065		 | 1.10
 935		 | 0.0003967774		 | 0.99
 936		 | 0.0004044631		 | 0.98
 937		 | 0.0004015832		 | 1.01
 938		 | 0.0004036645		 | 0.99
 939		 | 0.0003846272		 | 1.05
 940		 | 0.0003637716		 | 1.06
 941		 | 0.0003547933		 | 1.03
 942		 | 0.0003397132		 | 1.04
 943		 | 0.0003511869		 | 0.97
 944		 | 0.0003205189		 | 1.10
 945		 | 0.0003291293		 | 0.97
 946		 | 0.0004296586		 | 0.77
 947		 | 0.0003074452		 | 1.40
 948		 | 0.0003101072		 | 0.99
 949		 | 0.0003466248		 | 0.89
 950		 | 0.0003104504		 | 1.12
 951		 | 0.0003160015		 | 0.98
 952		 | 0.0003146108		 | 1.00
 953		 | 0.0003210156		 | 0.98
 954		 | 0.0003399345		 | 0.94
 955		 | 0.0003296079		 | 1.03
 956		 | 0.0003213798		 | 1.03
 957		 | 0.0002986643		 | 1.08
 958		 | 0.0002834581		 | 1.05
 959		 | 0.0002837883		 | 1.00
 960		 | 0.0002819501		 | 1.01
 961		 | 0.0002655536		 | 1.06
 962		 | 0.0002655675		 | 1.00
 963		 | 0.0002605938		 | 1.02
 964		 | 0.0002622187		 | 0.99
 965		 | 0.0002705557		 | 0.97
 966		 | 0.0002633791		 | 1.03
 967		 | 0.0002703189		 | 0.97
 968		 | 0.0002624794		 | 1.03
 969		 | 0.0002486886		 | 1.06
 970		 | 0.0002647081		 | 0.94
 971		 | 0.0002612734		 | 1.01
 972		 | 0.0002802181		 | 0.93
 973		 | 0.0002848090		 | 0.98
 974		 | 0.0002939395		 | 0.97
 975		 | 0.0002909629		 | 1.01
 976		 | 0.0002843572		 | 1.02
 977		 | 0.0002759471		 | 1.03
 978		 | 0.0002585008		 | 1.07
 979		 | 0.0002482953		 | 1.04
 980		 | 0.0002534255		 | 0.98
 981		 | 0.0002516726		 | 1.01
 982		 | 0.0002554381		 | 0.99
 983		 | 0.0002697087		 | 0.95
 984		 | 0.0002556545		 | 1.05
 985		 | 0.0002440551		 | 1.05
 986		 | 0.0002296764		 | 1.06
 987		 | 0.0002233007		 | 1.03
 988		 | 0.0002300703		 | 0.97
 989		 | 0.0002225044		 | 1.03
 990		 | 0.0002084589		 | 1.07
 991		 | 0.0002223225		 | 0.94
 992		 | 0.0002236069		 | 0.99
 993		 | 0.0002271094		 | 0.98
 994		 | 0.0002056564		 | 1.10
 995		 | 0.0001736355		 | 1.18
 996		 | 0.0001630794		 | 1.06
 997		 | 0.0001666714		 | 0.98
 998		 | 0.0001661756		 | 1.00
 999		 | 0.0001560043		 | 1.07
1000		 | 0.0001469142		 | 1.06