Resize Kernel: Bicubic b 0.33 c 0.33
Native resolution(s) (best guess): 936p
Please check the graph manually for more accurate results

Raw data:
Resolution	 | Relative Error	 | Relative difference from last
 500		 | 0.0006901220		 | 0.00
 501		 | 0.0006826254		 | 1.01
 502		 | 0.0006863334		 | 0.99
 503		 | 0.0006696404		 | 1.02
 504		 | 0.0006761998		 | 0.99
 505		 | 0.0006700791		 | 1.01
 506		 | 0.0006679107		 | 1.00
 507		 | 0.0006598492		 | 1.01
 508		 | 0.0006537340		 | 1.01
 509		 | 0.0006460829		 | 1.01
 510		 | 0.0006564879		 | 0.98
 511		 | 0.0006485802		 | 1.01
 512		 | 0.0006411444		 | 1.01
 513		 | 0.0006388584		 | 1.00
 514		 | 0.0006375353		 | 1.00
 515		 | 0.0006360838		 | 1.00
 516		 | 0.0006387213		 | 1.00
 517		 | 0.0006273061		 | 1.02
 518		 | 0.0006253300		 | 1.00
 519		 | 0.0006160561		 | 1.02
 520		 | 0.0006220637		 | 0.99
 521		 | 0.0006143361		 | 1.01
 522		 | 0.0006145014		 | 1.00
 523		 | 0.0006113090		 | 1.01
 524		 | 0.0006020806		 | 1.02
 525		 | 0.0006036592		 | 1.00
 526		 | 0.0006049701		 | 1.00
 527		 | 0.0005950758		 | 1.02
 528		 | 0.0005958431		 | 1.00
 529		 | 0.0005838695		 | 1.02
 530		 | 0.0005909614		 | 0.99
 531		 | 0.0005867662		 | 1.01
 532		 | 0.0005837157		 | 1.01
 533		 | 0.0005747608		 | 1.02
 534		 | 0.0005755552		 | 1.00
 535		 | 0.0005721982		 | 1.01
 536		 | 0.0005744363		 | 1.00
 537		 | 0.0005651547		 | 1.02
 538		 | 0.0005599203		 | 1.01
 539		 | 0.0005504950		 | 1.02
 540		 | 0.0005681059		 | 0.97
 541		 | 0.0005572336		 | 1.02
 542		 | 0.0005512102		 | 1.01
 543		 | 0.0005481919		 | 1.01
 544		 | 0.0005481140		 | 1.00
 545		 | 0.0005451754		 | 1.01
 546		 | 0.0005481287		 | 0.99
 547		 | 0.0005376573		 | 1.02
 548		 | 0.0005331828		 | 1.01
 549		 | 0.0005271569		 | 1.01
 550		 | 0.0005307047		 | 0.99
 551		 | 0.0005268285		 | 1.01
 552		 | 0.0005268860		 | 1.00
 553		 | 0.0005162557		 | 1.02
 554		 | 0.0005205126		 | 0.99
 555		 | 0.0005090221		 | 1.02
 556		 | 0.0005155479		 | 0.99
 557		 | 0.0005123382		 | 1.01
 558		 | 0.0005107357		 | 1.00
 559		 | 0.0004962261		 | 1.03
 560		 | 0.0005005119		 | 0.99
 561		 | 0.0004964951		 | 1.01
 562		 | 0.0005011370		 | 0.99
 563		 | 0.0004901239		 | 1.02
 564		 | 0.0004905400		 | 1.00
 565		 | 0.0004851700		 | 1.01
 566		 | 0.0004851042		 | 1.00
 567		 | 0.0004839080		 | 1.00
 568		 | 0.0004832670		 | 1.00
 569		 | 0.0004725977		 | 1.02
 570		 | 0.0004756236		 | 0.99
 571		 | 0.0004710579		 | 1.01
 572		 | 0.0004702560		 | 1.00
 573		 | 0.0004656885		 | 1.01
 574		 | 0.0004660922		 | 1.00
 575		 | 0.0004606626		 | 1.01
 576		 | 0.0004617505		 | 1.00
 577		 | 0.0004516151		 | 1.02
 578		 | 0.0004575286		 | 0.99
 579		 | 0.0004526852		 | 1.01
 580		 | 0.0004523735		 | 1.00
 581		 | 0.0004457799		 | 1.01
 582		 | 0.0004451779		 | 1.00
 583		 | 0.0004401080		 | 1.01
 584		 | 0.0004404331		 | 1.00
 585		 | 0.0004358325		 | 1.01
 586		 | 0.0004351302		 | 1.00
 587		 | 0.0004321346		 | 1.01
 588		 | 0.0004337768		 | 1.00
 589		 | 0.0004224626		 | 1.03
 590		 | 0.0004231579		 | 1.00
 591		 | 0.0004224210		 | 1.00
 592		 | 0.0004248673		 | 0.99
 593		 | 0.0004152111		 | 1.02
 594		 | 0.0004142475		 | 1.00
 595		 | 0.0004106738		 | 1.01
 596		 | 0.0004155256		 | 0.99
 597		 | 0.0004112846		 | 1.01
 598		 | 0.0004101061		 | 1.00
 599		 | 0.0004023743		 | 1.02
 600		 | 0.0004015982		 | 1.00
 601		 | 0.0003978896		 | 1.01
 602		 | 0.0004013696		 | 0.99
 603		 | 0.0003943948		 | 1.02
 604		 | 0.0003901109		 | 1.01
 605		 | 0.0003889731		 | 1.00
 606		 | 0.0003933278		 | 0.99
 607		 | 0.0003848458		 | 1.02
 608		 | 0.0003922260		 | 0.98
 609		 | 0.0003768066		 | 1.04
 610		 | 0.0003801475		 | 0.99
 611		 | 0.0003760086		 | 1.01
 612		 | 0.0003775622		 | 1.00
 613		 | 0.0003760166		 | 1.00
 614		 | 0.0003764967		 | 1.00
 615		 | 0.0003727929		 | 1.01
 616		 | 0.0003712353		 | 1.00
 617		 | 0.0003639906		 | 1.02
 618		 | 0.0003719737		 | 0.98
 619		 | 0.0003578908		 | 1.04
 620		 | 0.0003579782		 | 1.00
 621		 | 0.0003550743		 | 1.01
 622		 | 0.0003575383		 | 0.99
 623		 | 0.0003525895		 | 1.01
 624		 | 0.0003521318		 | 1.00
 625		 | 0.0003492797		 | 1.01
 626		 | 0.0003504289		 | 1.00
 627		 | 0.0003439901		 | 1.02
 628		 | 0.0003481413		 | 0.99
 629		 | 0.0003408676		 | 1.02
 630		 | 0.0003440448		 | 0.99
 631		 | 0.0003368118		 | 1.02
 632		 | 0.0003376306		 | 1.00
 633		 | 0.0003352486		 | 1.01
 634		 | 0.0003350822		 | 1.00
 635		 | 0.0003300567		 | 1.02
 636		 | 0.0003304397		 | 1.00
 637		 | 0.0003241879		 | 1.02
 638		 | 0.0003318292		 | 0.98
 639		 | 0.0003202434		 | 1.04
 640		 | 0.0003239138		 | 0.99
 641		 | 0.0003153724		 | 1.03
 642		 | 0.0003198376		 | 0.99
 643		 | 0.0003155486		 | 1.01
 644		 | 0.0003212156		 | 0.98
 645		 | 0.0003091275		 | 1.04
 646		 | 0.0003068149		 | 1.01
 647		 | 0.0003081057		 | 1.00
 648		 | 0.0003102529		 | 0.99
 649		 | 0.0003010413		 | 1.03
 650		 | 0.0003066367		 | 0.98
 651		 | 0.0003003245		 | 1.02
 652		 | 0.0003039265		 | 0.99
 653		 | 0.0002988817		 | 1.02
 654		 | 0.0002982976		 | 1.00
 655		 | 0.0002938234		 | 1.02
 656		 | 0.0002978716		 | 0.99
 657		 | 0.0002903005		 | 1.03
 658		 | 0.0002924495		 | 0.99
 659		 | 0.0002871065		 | 1.02
 660		 | 0.0002875613		 | 1.00
 661		 | 0.0002858052		 | 1.01
 662		 | 0.0002852896		 | 1.00
 663		 | 0.0002780387		 | 1.03
 664		 | 0.0002845768		 | 0.98
 665		 | 0.0002753836		 | 1.03
 666		 | 0.0002785132		 | 0.99
 667		 | 0.0002736617		 | 1.02
 668		 | 0.0002767043		 | 0.99
 669		 | 0.0002703523		 | 1.02
 670		 | 0.0002726115		 | 0.99
 671		 | 0.0002658451		 | 1.03
 672		 | 0.0002697568		 | 0.99
 673		 | 0.0002651964		 | 1.02
 674		 | 0.0002652937		 | 1.00
 675		 | 0.0002603839		 | 1.02
 676		 | 0.0002632890		 | 0.99
 677		 | 0.0002578571		 | 1.02
 678		 | 0.0002605743		 | 0.99
 679		 | 0.0002582393		 | 1.01
 680		 | 0.0002575119		 | 1.00
 681		 | 0.0002508020		 | 1.03
 682		 | 0.0002553326		 | 0.98
 683		 | 0.0002475358		 | 1.03
 684		 | 0.0002528130		 | 0.98
 685		 | 0.0002467554		 | 1.02
 686		 | 0.0002466383		 | 1.00
 687		 | 0.0002418893		 | 1.02
 688		 | 0.0002431524		 | 0.99
 689		 | 0.0002439191		 | 1.00
 690		 | 0.0002427918		 | 1.00
 691		 | 0.0002345496		 | 1.04
 692		 | 0.0002396256		 | 0.98
 693		 | 0.0002334609		 | 1.03
 694		 | 0.0002352939		 | 0.99
 695		 | 0.0002340296		 | 1.01
 696		 | 0.0002354548		 | 0.99
 697		 | 0.0002274706		 | 1.04
 698		 | 0.0002308022		 | 0.99
 699		 | 0.0002274728		 | 1.01
 700		 | 0.0002325805		 | 0.98
 701		 | 0.0002247510		 | 1.03
 702		 | 0.0002263834		 | 0.99
 703		 | 0.0002189580		 | 1.03
 704		 | 0.0002229847		 | 0.98
 705		 | 0.0002195677		 | 1.02
 706		 | 0.0002225099		 | 0.99
 707		 | 0.0002173832		 | 1.02
 708		 | 0.0002167522		 | 1.00
 709		 | 0.0002163160		 | 1.00
 710		 | 0.0002151927		 | 1.01
 711		 | 0.0002094019		 | 1.03
 712		 | 0.0002142999		 | 0.98
 713		 | 0.0002077068		 | 1.03
 714		 | 0.0002098499		 | 0.99
 715		 | 0.0002040925		 | 1.03
 716		 | 0.0002075937		 | 0.98
 717		 | 0.0002043506		 | 1.02
 718		 | 0.0002058840		 | 0.99
 719		 | 0.0002000690		 | 1.03
 720		 | 0.0002044587		 | 0.98
 721		 | 0.0001985540		 | 1.03
 722		 | 0.0001979319		 | 1.00
 723		 | 0.0001973849		 | 1.00
 724		 | 0.0001962982		 | 1.01
 725		 | 0.0001975892		 | 0.99
 726		 | 0.0001995112		 | 0.99
 727		 | 0.0001902394		 | 1.05
 728		 | 0.0001927788		 | 0.99
 729		 | 0.0001901082		 | 1.01
 730		 | 0.0001890408		 | 1.01
 731		 | 0.0001864677		 | 1.01
 732		 | 0.0001868562		 | 1.00
 733		 | 0.0001839145		 | 1.02
 734		 | 0.0001853246		 | 0.99
 735		 | 0.0001836339		 | 1.01
 736		 | 0.0001854462		 | 0.99
 737		 | 0.0001790363		 | 1.04
 738		 | 0.0001835862		 | 0.98
 739		 | 0.0001795367		 | 1.02
 740		 | 0.0001777871		 | 1.01
 741		 | 0.0001753561		 | 1.01
 742		 | 0.0001765710		 | 0.99
 743		 | 0.0001721768		 | 1.03
 744		 | 0.0001750491		 | 0.98
 745		 | 0.0001721810		 | 1.02
 746		 | 0.0001755475		 | 0.98
 747		 | 0.0001694965		 | 1.04
 748		 | 0.0001710928		 | 0.99
 749		 | 0.0001709709		 | 1.00
 750		 | 0.0001712556		 | 1.00
 751		 | 0.0001677534		 | 1.02
 752		 | 0.0001664698		 | 1.01
 753		 | 0.0001622426		 | 1.03
 754		 | 0.0001657079		 | 0.98
 755		 | 0.0001641441		 | 1.01
 756		 | 0.0001607793		 | 1.02
 757		 | 0.0001603972		 | 1.00
 758		 | 0.0001608276		 | 1.00
 759		 | 0.0001603323		 | 1.00
 760		 | 0.0001593868		 | 1.01
 761		 | 0.0001553329		 | 1.03
 762		 | 0.0001563817		 | 0.99
 763		 | 0.0001531390		 | 1.02
 764		 | 0.0001548411		 | 0.99
 765		 | 0.0001521259		 | 1.02
 766		 | 0.0001511197		 | 1.01
 767		 | 0.0001497351		 | 1.01
 768		 | 0.0001496643		 | 1.00
 769		 | 0.0001497290		 | 1.00
 770		 | 0.0001478614		 | 1.01
 771		 | 0.0001468114		 | 1.01
 772		 | 0.0001482316		 | 0.99
 773		 | 0.0001433069		 | 1.03
 774		 | 0.0001431158		 | 1.00
 775		 | 0.0001440504		 | 0.99
 776		 | 0.0001434787		 | 1.00
 777		 | 0.0001434874		 | 1.00
 778		 | 0.0001420201		 | 1.01
 779		 | 0.0001388149		 | 1.02
 780		 | 0.0001384551		 | 1.00
 781		 | 0.0001367410		 | 1.01
 782		 | 0.0001389021		 | 0.98
 783		 | 0.0001334640		 | 1.04
 784		 | 0.0001332283		 | 1.00
 785		 | 0.0001343176		 | 0.99
 786		 | 0.0001332601		 | 1.01
 787		 | 0.0001323803		 | 1.01
 788		 | 0.0001342947		 | 0.99
 789		 | 0.0001261061		 | 1.06
 790		 | 0.0001291359		 | 0.98
 791		 | 0.0001291470		 | 1.00
 792		 | 0.0001283660		 | 1.01
 793		 | 0.0001241342		 | 1.03
 794		 | 0.0001249039		 | 0.99
 795		 | 0.0001263508		 | 0.99
 796		 | 0.0001278341		 | 0.99
 797		 | 0.0001222564		 | 1.05
 798		 | 0.0001231777		 | 0.99
 799		 | 0.0001227130		 | 1.00
 800		 | 0.0001207120		 | 1.02
 801		 | 0.0001193386		 | 1.01
 802		 | 0.0001183572		 | 1.01
 803		 | 0.0001168356		 | 1.01
 804		 | 0.0001159121		 | 1.01
 805		 | 0.0001165756		 | 0.99
 806		 | 0.0001172302		 | 0.99
 807		 | 0.0001131236		 | 1.04
 808		 | 0.0001156727		 | 0.98
 809		 | 0.0001115692		 | 1.04
 810		 | 0.0001084859		 | 1.03
 811		 | 0.0001152714		 | 0.94
 812		 | 0.0001118849		 | 1.03
 813		 | 0.0001099315		 | 1.02
 814		 | 0.0001074260		 | 1.02
 815		 | 0.0001110308		 | 0.97
 816		 | 0.0001104957		 | 1.00
 817		 | 0.0001056698		 | 1.05
 818		 | 0.0001063940		 | 0.99
 819		 | 0.0001065818		 | 1.00
 820		 | 0.0001055621		 | 1.01
 821		 | 0.0001039072		 | 1.02
 822		 | 0.0001047614		 | 0.99
 823		 | 0.0001016473		 | 1.03
 824		 | 0.0001001307		 | 1.02
 825		 | 0.0001002554		 | 1.00
 826		 | 0.0001021068		 | 0.98
 827		 | 0.0000988257		 | 1.03
 828		 | 0.0001000796		 | 0.99
 829		 | 0.0000974737		 | 1.03
 830		 | 0.0000963393		 | 1.01
 831		 | 0.0000967738		 | 1.00
 832		 | 0.0001002532		 | 0.97
 833		 | 0.0000974564		 | 1.03
 834		 | 0.0000922189		 | 1.06
 835		 | 0.0000900413		 | 1.02
 836		 | 0.0000958750		 | 0.94
 837		 | 0.0000952089		 | 1.01
 838		 | 0.0000899703		 | 1.06
 839		 | 0.0000915233		 | 0.98
 840		 | 0.0000916457		 | 1.00
 841		 | 0.0000893019		 | 1.03
 842		 | 0.0000916791		 | 0.97
 843		 | 0.0000863594		 | 1.06
 844		 | 0.0000845551		 | 1.02
 845		 | 0.0000860469		 | 0.98
 846		 | 0.0000846187		 | 1.02
 847		 | 0.0000888475		 | 0.95
 848		 | 0.0000843637		 | 1.05
 849		 | 0.0000827368		 | 1.02
 850		 | 0.0000846035		 | 0.98
 851		 | 0.0000809443		 | 1.05
 852		 | 0.0000843826		 | 0.96
 853		 | 0.0000816142		 | 1.03
 854		 | 0.0000785944		 | 1.04
 855		 | 0.0000782594		 | 1.00
 856		 | 0.0000793967		 | 0.99
 857		 | 0.0000830091		 | 0.96
 858		 | 0.0000794895		 | 1.04
 859		 | 0.0000770535		 | 1.03
 860		 | 0.0000753541		 | 1.02
 861		 | 0.0000771596		 | 0.98
 862		 | 0.0000762608		 | 1.01
 863		 | 0.0000742585		 | 1.03
 864		 | 0.0000706236		 | 1.05
 865		 | 0.0000712171		 | 0.99
 866		 | 0.0000704555		 | 1.01
 867		 | 0.0000718409		 | 0.98
 868		 | 0.0000736801		 | 0.98
 869		 | 0.0000729873		 | 1.01
 870		 | 0.0000707848		 | 1.03
 871		 | 0.0000684853		 | 1.03
 872		 | 0.0000691074		 | 0.99
 873		 | 0.0000701150		 | 0.99
 874		 | 0.0000666948		 | 1.05
 875		 | 0.0000654603		 | 1.02
 876		 | 0.0000653325		 | 1.00
 877		 | 0.0000675974		 | 0.97
 878		 | 0.0000690268		 | 0.98
 879		 | 0.0000651009		 | 1.06
 880		 | 0.0000623077		 | 1.04
 881		 | 0.0000630069		 | 0.99
 882		 | 0.0000635284		 | 0.99
 883		 | 0.0000664200		 | 0.96
 884		 | 0.0000622678		 | 1.07
 885		 | 0.0000594096		 | 1.05
 886		 | 0.0000599549		 | 0.99
 887		 | 0.0000614409		 | 0.98
 888		 | 0.0000628252		 | 0.98
 889		 | 0.0000606881		 | 1.04
 890		 | 0.0000559277		 | 1.09
 891		 | 0.0000580575		 | 0.96
 892		 | 0.0000569661		 | 1.02
 893		 | 0.0000621213		 | 0.92
 894		 | 0.0000568268		 | 1.09
 895		 | 0.0000544019		 | 1.04
 896		 | 0.0000530411		 | 1.03
 897		 | 0.0000565147		 | 0.94
 898		 | 0.0000580411		 | 0.97
 899		 | 0.0000520297		 | 1.12
 900		 | 0.0000498815		 | 1.04
 901		 | 0.0000539118		 | 0.93
 902		 | 0.0000511689		 | 1.05
 903		 | 0.0000534302		 | 0.96
 904		 | 0.0000523317		 | 1.02
 905		 | 0.0000499604		 | 1.05
 906		 | 0.0000490364		 | 1.02
 907		 | 0.0000495058		 | 0.99
 908		 | 0.0000528065		 | 0.94
 909		 | 0.0000496208		 | 1.06
 910		 | 0.0000470027		 | 1.06
 911		 | 0.0000463159		 | 1.01
 912		 | 0.0000474461		 | 0.98
 913		 | 0.0000501097		 | 0.95
 914		 | 0.0000434784		 | 1.15
 915		 | 0.0000444295		 | 0.98
 916		 | 0.0000376552		 | 1.18
 917		 | 0.0000435050		 | 0.87
 918		 | 0.0000474321		 | 0.92
 919		 | 0.0000451193		 | 1.05
 920		 | 0.0000412139		 | 1.09
 921		 | 0.0000386782		 | 1.07
 922		 | 0.0000419592		 | 0.92
 923		 | 0.0000435375		 | 0.96
 924		 | 0.0000448473		 | 0.97
 925		 | 0.0000430414		 | 1.04
 926		 | 0.0000353669		 | 1.22
 927		 | 0.0000385537		 | 0.92
 928		 | 0.0000422071		 | 0.91
 929		 | 0.0000448275		 | 0.94
 930		 | 0.0000378536		 | 1.18
 931		 | 0.0000332010		 | 1.14
 932		 | 0.0000371144		 | 0.89
 933		 | 0.0000387365		 | 0.96
 934		 | 0.0000422691		 | 0.92
 935		 | 0.0000344439		 | 1.23
 936		 | 0.0000087754		 | 3.93
 937		 | 0.0000340851		 | 0.26
 938		 | 0.0000389712		 | 0.87
 939		 | 0.0000390873		 | 1.00
 940		 | 0.0000339069		 | 1.15
 941		 | 0.0000290477		 | 1.17
 942		 | 0.0000337689		 | 0.86
 943		 | 0.0000363375		 | 0.93
 944		 | 0.0000349761		 | 1.04
 945		 | 0.0000326983		 | 1.07
 946		 | 0.0000266660		 | 1.23
 947		 | 0.0000318252		 | 0.84
 948		 | 0.0000334089		 | 0.95
 949		 | 0.0000334094		 | 1.00
 950		 | 0.0000248327		 | 1.35
 951		 | 0.0000269055		 | 0.92
 952		 | 0.0000269523		 | 1.00
 953		 | 0.0000279758		 | 0.96
 954		 | 0.0000291288		 | 0.96
 955		 | 0.0000298383		 | 0.98
 956		 | 0.0000192839		 | 1.55
 957		 | 0.0000248519		 | 0.78
 958		 | 0.0000254238		 | 0.98
 959		 | 0.0000272076		 | 0.93
 960		 | 0.0000253575		 | 1.07
 961		 | 0.0000227749		 | 1.11
 962		 | 0.0000247087		 | 0.92
 963		 | 0.0000263898		 | 0.94
 964		 | 0.0000260009		 | 1.01
 965		 | 0.0000249150		 | 1.04
 966		 | 0.0000217840		 | 1.14
 967		 | 0.0000225295		 | 0.97
 968		 | 0.0000220338		 | 1.02
 969		 | 0.0000236595		 | 0.93
 970		 | 0.0000218628		 | 1.08
 971		 | 0.0000201770		 | 1.08
 972		 | 0.0000185761		 | 1.09
 973		 | 0.0000199616		 | 0.93
 974		 | 0.0000194689		 | 1.03
 975		 | 0.0000208328		 | 0.93
 976		 | 0.0000195342		 | 1.07
 977		 | 0.0000184773		 | 1.06
 978		 | 0.0000174639		 | 1.06
 979		 | 0.0000183589		 | 0.95
 980		 | 0.0000194238		 | 0.95
 981		 | 0.0000196969		 | 0.99
 982		 | 0.0000156464		 | 1.26
 983		 | 0.0000170781		 | 0.92
 984		 | 0.0000160330		 | 1.07
 985		 | 0.0000198214		 | 0.81
 986		 | 0.0000172832		 | 1.15
 987		 | 0.0000141838		 | 1.22
 988		 | 0.0000131661		 | 1.08
 989		 | 0.0000152056		 | 0.87
 990		 | 0.0000158925		 | 0.96
 991		 | 0.0000162984		 | 0.98
 992		 | 0.0000114960		 | 1.42
 993		 | 0.0000129537		 | 0.89
 994		 | 0.0000141800		 | 0.91
 995		 | 0.0000154609		 | 0.92
 996		 | 0.0000132289		 | 1.17
 997		 | 0.0000130313		 | 1.02
 998		 | 0.0000132008		 | 0.99
 999		 | 0.0000109519		 | 1.21
1000		 | 0.0000127216		 | 0.86