Resize Kernel: Bicubic b 0.33 c 0.33
Native resolution(s) (best guess): 986p, 946p, 918p
Please check the graph manually for more accurate results

Raw data:
Resolution	 | Relative Error	 | Relative difference from last
 500		 | 0.0003880735		 | 0.00
 501		 | 0.0003934355		 | 0.99
 502		 | 0.0003783090		 | 1.04
 503		 | 0.0003775373		 | 1.00
 504		 | 0.0003727100		 | 1.01
 505		 | 0.0003773316		 | 0.99
 506		 | 0.0003805904		 | 0.99
 507		 | 0.0003780032		 | 1.01
 508		 | 0.0003703773		 | 1.02
 509		 | 0.0003671914		 | 1.01
 510		 | 0.0003560987		 | 1.03
 511		 | 0.0003495098		 | 1.02
 512		 | 0.0003556078		 | 0.98
 513		 | 0.0003591093		 | 0.99
 514		 | 0.0003458697		 | 1.04
 515		 | 0.0003287518		 | 1.05
 516		 | 0.0003308284		 | 0.99
 517		 | 0.0003357078		 | 0.99
 518		 | 0.0003424134		 | 0.98
 519		 | 0.0003370446		 | 1.02
 520		 | 0.0003280107		 | 1.03
 521		 | 0.0003174573		 | 1.03
 522		 | 0.0003177927		 | 1.00
 523		 | 0.0003173794		 | 1.00
 524		 | 0.0003197041		 | 0.99
 525		 | 0.0003169204		 | 1.01
 526		 | 0.0003162023		 | 1.00
 527		 | 0.0003144401		 | 1.01
 528		 | 0.0003123270		 | 1.01
 529		 | 0.0003093962		 | 1.01
 530		 | 0.0003077025		 | 1.01
 531		 | 0.0002955838		 | 1.04
 532		 | 0.0002896019		 | 1.02
 533		 | 0.0002946740		 | 0.98
 534		 | 0.0002916911		 | 1.01
 535		 | 0.0002864801		 | 1.02
 536		 | 0.0002897711		 | 0.99
 537		 | 0.0002818354		 | 1.03
 538		 | 0.0002777869		 | 1.01
 539		 | 0.0002818178		 | 0.99
 540		 | 0.0002767879		 | 1.02
 541		 | 0.0002766183		 | 1.00
 542		 | 0.0002692289		 | 1.03
 543		 | 0.0002655082		 | 1.01
 544		 | 0.0002705605		 | 0.98
 545		 | 0.0002572932		 | 1.05
 546		 | 0.0002588259		 | 0.99
 547		 | 0.0002624426		 | 0.99
 548		 | 0.0002566874		 | 1.02
 549		 | 0.0002506553		 | 1.02
 550		 | 0.0002492465		 | 1.01
 551		 | 0.0002542884		 | 0.98
 552		 | 0.0002531105		 | 1.00
 553		 | 0.0002513885		 | 1.01
 554		 | 0.0002429699		 | 1.03
 555		 | 0.0002419428		 | 1.00
 556		 | 0.0002321988		 | 1.04
 557		 | 0.0002423864		 | 0.96
 558		 | 0.0002349977		 | 1.03
 559		 | 0.0002336972		 | 1.01
 560		 | 0.0002298245		 | 1.02
 561		 | 0.0002291800		 | 1.00
 562		 | 0.0002161931		 | 1.06
 563		 | 0.0002255777		 | 0.96
 564		 | 0.0002180663		 | 1.03
 565		 | 0.0002197335		 | 0.99
 566		 | 0.0002177517		 | 1.01
 567		 | 0.0002129392		 | 1.02
 568		 | 0.0002169634		 | 0.98
 569		 | 0.0002058842		 | 1.05
 570		 | 0.0002041266		 | 1.01
 571		 | 0.0002201990		 | 0.93
 572		 | 0.0002088376		 | 1.05
 573		 | 0.0002015580		 | 1.04
 574		 | 0.0002013703		 | 1.00
 575		 | 0.0001962380		 | 1.03
 576		 | 0.0002037152		 | 0.96
 577		 | 0.0001933144		 | 1.05
 578		 | 0.0001949838		 | 0.99
 579		 | 0.0001916944		 | 1.02
 580		 | 0.0001890436		 | 1.01
 581		 | 0.0001923957		 | 0.98
 582		 | 0.0001943428		 | 0.99
 583		 | 0.0001837796		 | 1.06
 584		 | 0.0001861977		 | 0.99
 585		 | 0.0001719983		 | 1.08
 586		 | 0.0001786922		 | 0.96
 587		 | 0.0001788824		 | 1.00
 588		 | 0.0001778620		 | 1.01
 589		 | 0.0001751766		 | 1.02
 590		 | 0.0001801893		 | 0.97
 591		 | 0.0001682051		 | 1.07
 592		 | 0.0001767718		 | 0.95
 593		 | 0.0001674866		 | 1.06
 594		 | 0.0001641544		 | 1.02
 595		 | 0.0001604828		 | 1.02
 596		 | 0.0001574501		 | 1.02
 597		 | 0.0001556445		 | 1.01
 598		 | 0.0001657253		 | 0.94
 599		 | 0.0001590526		 | 1.04
 600		 | 0.0001586482		 | 1.00
 601		 | 0.0001566331		 | 1.01
 602		 | 0.0001565119		 | 1.00
 603		 | 0.0001546361		 | 1.01
 604		 | 0.0001484644		 | 1.04
 605		 | 0.0001517262		 | 0.98
 606		 | 0.0001515178		 | 1.00
 607		 | 0.0001457947		 | 1.04
 608		 | 0.0001426966		 | 1.02
 609		 | 0.0001388288		 | 1.03
 610		 | 0.0001395177		 | 1.00
 611		 | 0.0001443691		 | 0.97
 612		 | 0.0001390883		 | 1.04
 613		 | 0.0001376653		 | 1.01
 614		 | 0.0001309649		 | 1.05
 615		 | 0.0001314467		 | 1.00
 616		 | 0.0001349789		 | 0.97
 617		 | 0.0001358340		 | 0.99
 618		 | 0.0001288373		 | 1.05
 619		 | 0.0001306772		 | 0.99
 620		 | 0.0001268551		 | 1.03
 621		 | 0.0001321076		 | 0.96
 622		 | 0.0001301754		 | 1.01
 623		 | 0.0001236605		 | 1.05
 624		 | 0.0001240228		 | 1.00
 625		 | 0.0001227847		 | 1.01
 626		 | 0.0001179411		 | 1.04
 627		 | 0.0001223458		 | 0.96
 628		 | 0.0001202567		 | 1.02
 629		 | 0.0001188794		 | 1.01
 630		 | 0.0001173211		 | 1.01
 631		 | 0.0001124754		 | 1.04
 632		 | 0.0001114827		 | 1.01
 633		 | 0.0001117724		 | 1.00
 634		 | 0.0001112340		 | 1.00
 635		 | 0.0001124925		 | 0.99
 636		 | 0.0001114039		 | 1.01
 637		 | 0.0001088995		 | 1.02
 638		 | 0.0001059849		 | 1.03
 639		 | 0.0001080474		 | 0.98
 640		 | 0.0001077754		 | 1.00
 641		 | 0.0001021706		 | 1.05
 642		 | 0.0001027742		 | 0.99
 643		 | 0.0001016963		 | 1.01
 644		 | 0.0001005321		 | 1.01
 645		 | 0.0001024909		 | 0.98
 646		 | 0.0001029779		 | 1.00
 647		 | 0.0000975919		 | 1.06
 648		 | 0.0000937327		 | 1.04
 649		 | 0.0000940772		 | 1.00
 650		 | 0.0000960777		 | 0.98
 651		 | 0.0000970819		 | 0.99
 652		 | 0.0000996721		 | 0.97
 653		 | 0.0000935495		 | 1.07
 654		 | 0.0000909725		 | 1.03
 655		 | 0.0000896274		 | 1.02
 656		 | 0.0000921275		 | 0.97
 657		 | 0.0000942018		 | 0.98
 658		 | 0.0000902969		 | 1.04
 659		 | 0.0000896717		 | 1.01
 660		 | 0.0000904970		 | 0.99
 661		 | 0.0000888494		 | 1.02
 662		 | 0.0000867606		 | 1.02
 663		 | 0.0000858123		 | 1.01
 664		 | 0.0000822581		 | 1.04
 665		 | 0.0000832546		 | 0.99
 666		 | 0.0000850281		 | 0.98
 667		 | 0.0000849801		 | 1.00
 668		 | 0.0000813347		 | 1.04
 669		 | 0.0000818536		 | 0.99
 670		 | 0.0000808515		 | 1.01
 671		 | 0.0000793705		 | 1.02
 672		 | 0.0000769639		 | 1.03
 673		 | 0.0000763791		 | 1.01
 674		 | 0.0000777901		 | 0.98
 675		 | 0.0000778247		 | 1.00
 676		 | 0.0000767634		 | 1.01
 677		 | 0.0000720571		 | 1.07
 678		 | 0.0000726113		 | 0.99
 679		 | 0.0000736461		 | 0.99
 680		 | 0.0000741689		 | 0.99
 681		 | 0.0000738472		 | 1.00
 682		 | 0.0000689262		 | 1.07
 683		 | 0.0000687399		 | 1.00
 684		 | 0.0000724655		 | 0.95
 685		 | 0.0000712376		 | 1.02
 686		 | 0.0000681624		 | 1.05
 687		 | 0.0000684562		 | 1.00
 688		 | 0.0000660319		 | 1.04
 689		 | 0.0000662659		 | 1.00
 690		 | 0.0000689386		 | 0.96
 691		 | 0.0000677510		 | 1.02
 692		 | 0.0000683223		 | 0.99
 693		 | 0.0000669904		 | 1.02
 694		 | 0.0000631773		 | 1.06
 695		 | 0.0000629080		 | 1.00
 696		 | 0.0000637527		 | 0.99
 697		 | 0.0000632496		 | 1.01
 698		 | 0.0000626548		 | 1.01
 699		 | 0.0000616782		 | 1.02
 700		 | 0.0000592280		 | 1.04
 701		 | 0.0000601321		 | 0.98
 702		 | 0.0000582114		 | 1.03
 703		 | 0.0000584489		 | 1.00
 704		 | 0.0000588182		 | 0.99
 705		 | 0.0000590434		 | 1.00
 706		 | 0.0000581317		 | 1.02
 707		 | 0.0000563660		 | 1.03
 708		 | 0.0000557037		 | 1.01
 709		 | 0.0000561712		 | 0.99
 710		 | 0.0000544901		 | 1.03
 711		 | 0.0000547833		 | 0.99
 712		 | 0.0000550216		 | 1.00
 713		 | 0.0000563437		 | 0.98
 714		 | 0.0000564290		 | 1.00
 715		 | 0.0000570848		 | 0.99
 716		 | 0.0000521888		 | 1.09
 717		 | 0.0000510045		 | 1.02
 718		 | 0.0000462391		 | 1.10
 719		 | 0.0000488105		 | 0.95
 720		 | 0.0000496961		 | 0.98
 721		 | 0.0000493419		 | 1.01
 722		 | 0.0000499803		 | 0.99
 723		 | 0.0000498159		 | 1.00
 724		 | 0.0000485033		 | 1.03
 725		 | 0.0000485630		 | 1.00
 726		 | 0.0000494335		 | 0.98
 727		 | 0.0000469036		 | 1.05
 728		 | 0.0000469636		 | 1.00
 729		 | 0.0000454892		 | 1.03
 730		 | 0.0000466889		 | 0.97
 731		 | 0.0000446946		 | 1.04
 732		 | 0.0000441073		 | 1.01
 733		 | 0.0000443840		 | 0.99
 734		 | 0.0000436039		 | 1.02
 735		 | 0.0000431468		 | 1.01
 736		 | 0.0000434166		 | 0.99
 737		 | 0.0000430893		 | 1.01
 738		 | 0.0000435628		 | 0.99
 739		 | 0.0000405641		 | 1.07
 740		 | 0.0000386521		 | 1.05
 741		 | 0.0000388732		 | 0.99
 742		 | 0.0000404564		 | 0.96
 743		 | 0.0000405209		 | 1.00
 744		 | 0.0000438447		 | 0.92
 745		 | 0.0000390034		 | 1.12
 746		 | 0.0000393599		 | 0.99
 747		 | 0.0000358323		 | 1.10
 748		 | 0.0000370676		 | 0.97
 749		 | 0.0000378471		 | 0.98
 750		 | 0.0000383822		 | 0.99
 751		 | 0.0000364574		 | 1.05
 752		 | 0.0000371912		 | 0.98
 753		 | 0.0000380016		 | 0.98
 754		 | 0.0000401285		 | 0.95
 755		 | 0.0000370134		 | 1.08
 756		 | 0.0000331480		 | 1.12
 757		 | 0.0000353317		 | 0.94
 758		 | 0.0000337895		 | 1.05
 759		 | 0.0000334962		 | 1.01
 760		 | 0.0000365903		 | 0.92
 761		 | 0.0000345307		 | 1.06
 762		 | 0.0000337849		 | 1.02
 763		 | 0.0000329230		 | 1.03
 764		 | 0.0000296900		 | 1.11
 765		 | 0.0000311322		 | 0.95
 766		 | 0.0000327249		 | 0.95
 767		 | 0.0000343371		 | 0.95
 768		 | 0.0000338185		 | 1.02
 769		 | 0.0000336313		 | 1.01
 770		 | 0.0000304173		 | 1.11
 771		 | 0.0000311916		 | 0.98
 772		 | 0.0000321840		 | 0.97
 773		 | 0.0000317543		 | 1.01
 774		 | 0.0000295285		 | 1.08
 775		 | 0.0000268650		 | 1.10
 776		 | 0.0000305885		 | 0.88
 777		 | 0.0000303979		 | 1.01
 778		 | 0.0000295078		 | 1.03
 779		 | 0.0000309673		 | 0.95
 780		 | 0.0000274301		 | 1.13
 781		 | 0.0000283386		 | 0.97
 782		 | 0.0000307025		 | 0.92
 783		 | 0.0000308992		 | 0.99
 784		 | 0.0000307828		 | 1.00
 785		 | 0.0000254991		 | 1.21
 786		 | 0.0000246725		 | 1.03
 787		 | 0.0000235664		 | 1.05
 788		 | 0.0000252609		 | 0.93
 789		 | 0.0000273791		 | 0.92
 790		 | 0.0000299445		 | 0.91
 791		 | 0.0000284693		 | 1.05
 792		 | 0.0000295388		 | 0.96
 793		 | 0.0000247378		 | 1.19
 794		 | 0.0000247196		 | 1.00
 795		 | 0.0000247681		 | 1.00
 796		 | 0.0000240781		 | 1.03
 797		 | 0.0000229621		 | 1.05
 798		 | 0.0000257179		 | 0.89
 799		 | 0.0000241596		 | 1.06
 800		 | 0.0000256581		 | 0.94
 801		 | 0.0000249695		 | 1.03
 802		 | 0.0000217938		 | 1.15
 803		 | 0.0000236820		 | 0.92
 804		 | 0.0000239224		 | 0.99
 805		 | 0.0000218809		 | 1.09
 806		 | 0.0000256237		 | 0.85
 807		 | 0.0000251033		 | 1.02
 808		 | 0.0000225684		 | 1.11
 809		 | 0.0000192199		 | 1.17
 810		 | 0.0000182403		 | 1.05
 811		 | 0.0000226480		 | 0.81
 812		 | 0.0000243396		 | 0.93
 813		 | 0.0000243139		 | 1.00
 814		 | 0.0000225477		 | 1.08
 815		 | 0.0000194067		 | 1.16
 816		 | 0.0000175260		 | 1.11
 817		 | 0.0000224712		 | 0.78
 818		 | 0.0000215019		 | 1.05
 819		 | 0.0000213650		 | 1.01
 820		 | 0.0000178410		 | 1.20
 821		 | 0.0000202449		 | 0.88
 822		 | 0.0000202155		 | 1.00
 823		 | 0.0000221318		 | 0.91
 824		 | 0.0000199769		 | 1.11
 825		 | 0.0000192071		 | 1.04
 826		 | 0.0000170924		 | 1.12
 827		 | 0.0000189841		 | 0.90
 828		 | 0.0000197362		 | 0.96
 829		 | 0.0000197440		 | 1.00
 830		 | 0.0000205110		 | 0.96
 831		 | 0.0000205742		 | 1.00
 832		 | 0.0000171162		 | 1.20
 833		 | 0.0000182044		 | 0.94
 834		 | 0.0000159562		 | 1.14
 835		 | 0.0000166164		 | 0.96
 836		 | 0.0000189673		 | 0.88
 837		 | 0.0000172492		 | 1.10
 838		 | 0.0000180479		 | 0.96
 839		 | 0.0000147886		 | 1.22
 840		 | 0.0000148288		 | 1.00
 841		 | 0.0000173271		 | 0.86
 842		 | 0.0000178943		 | 0.97
 843		 | 0.0000157923		 | 1.13
 844		 | 0.0000180598		 | 0.87
 845		 | 0.0000169186		 | 1.07
 846		 | 0.0000202071		 | 0.84
 847		 | 0.0000175389		 | 1.15
 848		 | 0.0000128499		 | 1.36
 849		 | 0.0000129091		 | 1.00
 850		 | 0.0000138458		 | 0.93
 851		 | 0.0000134122		 | 1.03
 852		 | 0.0000173688		 | 0.77
 853		 | 0.0000155382		 | 1.12
 854		 | 0.0000130625		 | 1.19
 855		 | 0.0000129830		 | 1.01
 856		 | 0.0000135803		 | 0.96
 857		 | 0.0000163553		 | 0.83
 858		 | 0.0000160883		 | 1.02
 859		 | 0.0000157595		 | 1.02
 860		 | 0.0000155812		 | 1.01
 861		 | 0.0000138395		 | 1.13
 862		 | 0.0000118580		 | 1.17
 863		 | 0.0000118609		 | 1.00
 864		 | 0.0000118595		 | 1.00
 865		 | 0.0000140673		 | 0.84
 866		 | 0.0000131117		 | 1.07
 867		 | 0.0000131008		 | 1.00
 868		 | 0.0000144783		 | 0.90
 869		 | 0.0000128198		 | 1.13
 870		 | 0.0000110573		 | 1.16
 871		 | 0.0000122504		 | 0.90
 872		 | 0.0000092895		 | 1.32
 873		 | 0.0000095783		 | 0.97
 874		 | 0.0000109803		 | 0.87
 875		 | 0.0000136785		 | 0.80
 876		 | 0.0000137447		 | 1.00
 877		 | 0.0000153837		 | 0.89
 878		 | 0.0000094742		 | 1.62
 879		 | 0.0000100838		 | 0.94
 880		 | 0.0000086290		 | 1.17
 881		 | 0.0000119532		 | 0.72
 882		 | 0.0000113551		 | 1.05
 883		 | 0.0000092327		 | 1.23
 884		 | 0.0000109778		 | 0.84
 885		 | 0.0000109138		 | 1.01
 886		 | 0.0000094275		 | 1.16
 887		 | 0.0000117601		 | 0.80
 888		 | 0.0000089218		 | 1.32
 889		 | 0.0000071673		 | 1.24
 890		 | 0.0000104953		 | 0.68
 891		 | 0.0000096854		 | 1.08
 892		 | 0.0000107667		 | 0.90
 893		 | 0.0000081564		 | 1.32
 894		 | 0.0000082325		 | 0.99
 895		 | 0.0000074556		 | 1.10
 896		 | 0.0000077963		 | 0.96
 897		 | 0.0000064479		 | 1.21
 898		 | 0.0000096831		 | 0.67
 899		 | 0.0000098159		 | 0.99
 900		 | 0.0000087916		 | 1.12
 901		 | 0.0000067889		 | 1.29
 902		 | 0.0000054744		 | 1.24
 903		 | 0.0000055558		 | 0.99
 904		 | 0.0000093148		 | 0.60
 905		 | 0.0000103470		 | 0.90
 906		 | 0.0000119198		 | 0.87
 907		 | 0.0000074326		 | 1.60
 908		 | 0.0000052139		 | 1.43
 909		 | 0.0000059827		 | 0.87
 910		 | 0.0000078373		 | 0.76
 911		 | 0.0000080891		 | 0.97
 912		 | 0.0000081205		 | 1.00
 913		 | 0.0000062916		 | 1.29
 914		 | 0.0000087815		 | 0.72
 915		 | 0.0000087062		 | 1.01
 916		 | 0.0000084166		 | 1.03
 917		 | 0.0000062005		 | 1.36
 918		 | 0.0000032838		 | 1.89
 919		 | 0.0000049667		 | 0.66
 920		 | 0.0000054577		 | 0.91
 921		 | 0.0000054009		 | 1.01
 922		 | 0.0000077261		 | 0.70
 923		 | 0.0000065498		 | 1.18
 924		 | 0.0000039754		 | 1.65
 925		 | 0.0000065516		 | 0.61
 926		 | 0.0000045155		 | 1.45
 927		 | 0.0000058954		 | 0.77
 928		 | 0.0000051150		 | 1.15
 929		 | 0.0000042500		 | 1.20
 930		 | 0.0000042367		 | 1.00
 931		 | 0.0000060996		 | 0.69
 932		 | 0.0000037739		 | 1.62
 933		 | 0.0000069439		 | 0.54
 934		 | 0.0000048248		 | 1.44
 935		 | 0.0000039151		 | 1.23
 936		 | 0.0000037832		 | 1.03
 937		 | 0.0000041517		 | 0.91
 938		 | 0.0000060222		 | 0.69
 939		 | 0.0000060664		 | 0.99
 940		 | 0.0000055811		 | 1.09
 941		 | 0.0000057501		 | 0.97
 942		 | 0.0000039339		 | 1.46
 943		 | 0.0000040003		 | 0.98
 944		 | 0.0000056351		 | 0.71
 945		 | 0.0000049827		 | 1.13
 946		 | 0.0000022021		 | 2.26
 947		 | 0.0000000000		 | 0.00
 948		 | 0.0000000298		 | 0.00
 949		 | 0.0000005726		 | 0.05
 950		 | 0.0000031641		 | 0.18
 951		 | 0.0000053457		 | 0.59
 952		 | 0.0000061859		 | 0.86
 953		 | 0.0000049194		 | 1.26
 954		 | 0.0000046093		 | 1.07
 955		 | 0.0000038437		 | 1.20
 956		 | 0.0000030053		 | 1.28
 957		 | 0.0000029475		 | 1.02
 958		 | 0.0000020975		 | 1.41
 959		 | 0.0000012714		 | 1.65
 960		 | 0.0000047382		 | 0.27
 961		 | 0.0000036043		 | 1.31
 962		 | 0.0000038173		 | 0.94
 963		 | 0.0000021370		 | 1.79
 964		 | 0.0000034415		 | 0.62
 965		 | 0.0000042096		 | 0.82
 966		 | 0.0000042535		 | 0.99
 967		 | 0.0000024092		 | 1.77
 968		 | 0.0000043475		 | 0.55
 969		 | 0.0000023990		 | 1.81
 970		 | 0.0000027179		 | 0.88
 971		 | 0.0000028209		 | 0.96
 972		 | 0.0000016240		 | 1.74
 973		 | 0.0000032337		 | 0.50
 974		 | 0.0000021898		 | 1.48
 975		 | 0.0000022962		 | 0.95
 976		 | 0.0000027562		 | 0.83
 977		 | 0.0000026370		 | 1.05
 978		 | 0.0000017519		 | 1.51
 979		 | 0.0000041926		 | 0.42
 980		 | 0.0000031994		 | 1.31
 981		 | 0.0000022245		 | 1.44
 982		 | 0.0000012133		 | 1.83
 983		 | 0.0000020714		 | 0.59
 984		 | 0.0000019455		 | 1.06
 985		 | 0.0000033654		 | 0.58
 986		 | 0.0000010837		 | 3.11
 987		 | 0.0000016886		 | 0.64
 988		 | 0.0000012398		 | 1.36
 989		 | 0.0000027058		 | 0.46
 990		 | 0.0000027433		 | 0.99
 991		 | 0.0000028304		 | 0.97
 992		 | 0.0000018650		 | 1.52
 993		 | 0.0000018816		 | 0.99
 994		 | 0.0000011715		 | 1.61
 995		 | 0.0000015214		 | 0.77
 996		 | 0.0000006851		 | 2.22
 997		 | 0.0000010324		 | 0.66
 998		 | 0.0000013673		 | 0.76
 999		 | 0.0000031624		 | 0.43
1000		 | 0.0000020898		 | 1.51