Resize Kernel: Bicubic b 0.33 c 0.33
Native resolution(s) (best guess): 842p
Please check the graph manually for more accurate results

Raw data:
Resolution	 | Relative Error	 | Relative difference from last
 500		 | 0.0008790585		 | 0.00
 501		 | 0.0008763683		 | 1.00
 502		 | 0.0008811562		 | 0.99
 503		 | 0.0008668502		 | 1.02
 504		 | 0.0008715446		 | 0.99
 505		 | 0.0008671223		 | 1.01
 506		 | 0.0008583045		 | 1.01
 507		 | 0.0008590880		 | 1.00
 508		 | 0.0008446880		 | 1.02
 509		 | 0.0008416662		 | 1.00
 510		 | 0.0008392419		 | 1.00
 511		 | 0.0008348587		 | 1.01
 512		 | 0.0008287137		 | 1.01
 513		 | 0.0008200411		 | 1.01
 514		 | 0.0008223079		 | 1.00
 515		 | 0.0008026068		 | 1.02
 516		 | 0.0008090825		 | 0.99
 517		 | 0.0008059183		 | 1.00
 518		 | 0.0007910683		 | 1.02
 519		 | 0.0007986026		 | 0.99
 520		 | 0.0007963044		 | 1.00
 521		 | 0.0007864150		 | 1.01
 522		 | 0.0007698746		 | 1.02
 523		 | 0.0007876266		 | 0.98
 524		 | 0.0007703117		 | 1.02
 525		 | 0.0007639222		 | 1.01
 526		 | 0.0007694879		 | 0.99
 527		 | 0.0007601390		 | 1.01
 528		 | 0.0007619494		 | 1.00
 529		 | 0.0007464521		 | 1.02
 530		 | 0.0007425472		 | 1.01
 531		 | 0.0007446120		 | 1.00
 532		 | 0.0007362468		 | 1.01
 533		 | 0.0007334686		 | 1.00
 534		 | 0.0007270778		 | 1.01
 535		 | 0.0007291597		 | 1.00
 536		 | 0.0007229437		 | 1.01
 537		 | 0.0007203901		 | 1.00
 538		 | 0.0007168531		 | 1.00
 539		 | 0.0007065852		 | 1.01
 540		 | 0.0007137079		 | 0.99
 541		 | 0.0007038856		 | 1.01
 542		 | 0.0006944308		 | 1.01
 543		 | 0.0006937610		 | 1.00
 544		 | 0.0006914165		 | 1.00
 545		 | 0.0006895973		 | 1.00
 546		 | 0.0006829210		 | 1.01
 547		 | 0.0006799553		 | 1.00
 548		 | 0.0006780568		 | 1.00
 549		 | 0.0006757997		 | 1.00
 550		 | 0.0006599306		 | 1.02
 551		 | 0.0006605125		 | 1.00
 552		 | 0.0006666089		 | 0.99
 553		 | 0.0006578805		 | 1.01
 554		 | 0.0006553229		 | 1.00
 555		 | 0.0006481501		 | 1.01
 556		 | 0.0006538216		 | 0.99
 557		 | 0.0006387294		 | 1.02
 558		 | 0.0006331094		 | 1.01
 559		 | 0.0006324092		 | 1.00
 560		 | 0.0006318664		 | 1.00
 561		 | 0.0006335324		 | 1.00
 562		 | 0.0006191550		 | 1.02
 563		 | 0.0006268024		 | 0.99
 564		 | 0.0006178033		 | 1.01
 565		 | 0.0006053786		 | 1.02
 566		 | 0.0006124705		 | 0.99
 567		 | 0.0006004208		 | 1.02
 568		 | 0.0006052213		 | 0.99
 569		 | 0.0005979927		 | 1.01
 570		 | 0.0006008099		 | 1.00
 571		 | 0.0005911786		 | 1.02
 572		 | 0.0005830229		 | 1.01
 573		 | 0.0005932202		 | 0.98
 574		 | 0.0005724993		 | 1.04
 575		 | 0.0005794652		 | 0.99
 576		 | 0.0005748537		 | 1.01
 577		 | 0.0005742940		 | 1.00
 578		 | 0.0005689933		 | 1.01
 579		 | 0.0005623491		 | 1.01
 580		 | 0.0005671172		 | 0.99
 581		 | 0.0005557488		 | 1.02
 582		 | 0.0005582397		 | 1.00
 583		 | 0.0005560612		 | 1.00
 584		 | 0.0005458053		 | 1.02
 585		 | 0.0005500360		 | 0.99
 586		 | 0.0005438893		 | 1.01
 587		 | 0.0005394211		 | 1.01
 588		 | 0.0005433241		 | 0.99
 589		 | 0.0005390271		 | 1.01
 590		 | 0.0005274649		 | 1.02
 591		 | 0.0005278128		 | 1.00
 592		 | 0.0005272030		 | 1.00
 593		 | 0.0005280173		 | 1.00
 594		 | 0.0005141925		 | 1.03
 595		 | 0.0005173734		 | 0.99
 596		 | 0.0005175393		 | 1.00
 597		 | 0.0005100647		 | 1.01
 598		 | 0.0005101395		 | 1.00
 599		 | 0.0005118864		 | 1.00
 600		 | 0.0004993228		 | 1.03
 601		 | 0.0005073868		 | 0.98
 602		 | 0.0004944750		 | 1.03
 603		 | 0.0004989578		 | 0.99
 604		 | 0.0004829633		 | 1.03
 605		 | 0.0004929787		 | 0.98
 606		 | 0.0004882316		 | 1.01
 607		 | 0.0004764352		 | 1.02
 608		 | 0.0004799890		 | 0.99
 609		 | 0.0004748150		 | 1.01
 610		 | 0.0004717199		 | 1.01
 611		 | 0.0004760280		 | 0.99
 612		 | 0.0004632163		 | 1.03
 613		 | 0.0004707125		 | 0.98
 614		 | 0.0004604253		 | 1.02
 615		 | 0.0004617125		 | 1.00
 616		 | 0.0004546964		 | 1.02
 617		 | 0.0004608680		 | 0.99
 618		 | 0.0004564078		 | 1.01
 619		 | 0.0004495814		 | 1.02
 620		 | 0.0004484513		 | 1.00
 621		 | 0.0004475783		 | 1.00
 622		 | 0.0004417474		 | 1.01
 623		 | 0.0004410865		 | 1.00
 624		 | 0.0004369482		 | 1.01
 625		 | 0.0004414696		 | 0.99
 626		 | 0.0004340376		 | 1.02
 627		 | 0.0004331465		 | 1.00
 628		 | 0.0004308917		 | 1.01
 629		 | 0.0004294172		 | 1.00
 630		 | 0.0004255205		 | 1.01
 631		 | 0.0004227350		 | 1.01
 632		 | 0.0004208357		 | 1.00
 633		 | 0.0004206276		 | 1.00
 634		 | 0.0004166978		 | 1.01
 635		 | 0.0004160830		 | 1.00
 636		 | 0.0004100574		 | 1.01
 637		 | 0.0004097377		 | 1.00
 638		 | 0.0004075934		 | 1.01
 639		 | 0.0004003735		 | 1.02
 640		 | 0.0004043939		 | 0.99
 641		 | 0.0003971955		 | 1.02
 642		 | 0.0003960409		 | 1.00
 643		 | 0.0003990720		 | 0.99
 644		 | 0.0003881454		 | 1.03
 645		 | 0.0003952925		 | 0.98
 646		 | 0.0003946327		 | 1.00
 647		 | 0.0003814866		 | 1.03
 648		 | 0.0003885824		 | 0.98
 649		 | 0.0003802396		 | 1.02
 650		 | 0.0003822541		 | 0.99
 651		 | 0.0003804116		 | 1.00
 652		 | 0.0003686942		 | 1.03
 653		 | 0.0003756292		 | 0.98
 654		 | 0.0003682056		 | 1.02
 655		 | 0.0003667933		 | 1.00
 656		 | 0.0003677288		 | 1.00
 657		 | 0.0003559817		 | 1.03
 658		 | 0.0003675448		 | 0.97
 659		 | 0.0003547325		 | 1.04
 660		 | 0.0003589404		 | 0.99
 661		 | 0.0003592570		 | 1.00
 662		 | 0.0003550283		 | 1.01
 663		 | 0.0003515553		 | 1.01
 664		 | 0.0003562677		 | 0.99
 665		 | 0.0003517601		 | 1.01
 666		 | 0.0003533977		 | 1.00
 667		 | 0.0003476282		 | 1.02
 668		 | 0.0003471439		 | 1.00
 669		 | 0.0003477402		 | 1.00
 670		 | 0.0003438806		 | 1.01
 671		 | 0.0003379283		 | 1.02
 672		 | 0.0003378000		 | 1.00
 673		 | 0.0003341230		 | 1.01
 674		 | 0.0003361943		 | 0.99
 675		 | 0.0003220923		 | 1.04
 676		 | 0.0003323962		 | 0.97
 677		 | 0.0003284281		 | 1.01
 678		 | 0.0003351725		 | 0.98
 679		 | 0.0003247475		 | 1.03
 680		 | 0.0003249844		 | 1.00
 681		 | 0.0003232323		 | 1.01
 682		 | 0.0003204744		 | 1.01
 683		 | 0.0003226578		 | 0.99
 684		 | 0.0003173725		 | 1.02
 685		 | 0.0003144891		 | 1.01
 686		 | 0.0003148223		 | 1.00
 687		 | 0.0003091273		 | 1.02
 688		 | 0.0003095757		 | 1.00
 689		 | 0.0002967952		 | 1.04
 690		 | 0.0003112259		 | 0.95
 691		 | 0.0003036838		 | 1.02
 692		 | 0.0002984560		 | 1.02
 693		 | 0.0003037665		 | 0.98
 694		 | 0.0002935823		 | 1.03
 695		 | 0.0003006878		 | 0.98
 696		 | 0.0003002586		 | 1.00
 697		 | 0.0002931241		 | 1.02
 698		 | 0.0002987873		 | 0.98
 699		 | 0.0002918613		 | 1.02
 700		 | 0.0002962424		 | 0.99
 701		 | 0.0002900667		 | 1.02
 702		 | 0.0002863538		 | 1.01
 703		 | 0.0002919447		 | 0.98
 704		 | 0.0002819908		 | 1.04
 705		 | 0.0002844385		 | 0.99
 706		 | 0.0002895441		 | 0.98
 707		 | 0.0002792649		 | 1.04
 708		 | 0.0002809669		 | 0.99
 709		 | 0.0002813848		 | 1.00
 710		 | 0.0002790711		 | 1.01
 711		 | 0.0002861688		 | 0.98
 712		 | 0.0002698519		 | 1.06
 713		 | 0.0002780787		 | 0.97
 714		 | 0.0002828909		 | 0.98
 715		 | 0.0002680523		 | 1.06
 716		 | 0.0002785076		 | 0.96
 717		 | 0.0002688043		 | 1.04
 718		 | 0.0002653774		 | 1.01
 719		 | 0.0002726382		 | 0.97
 720		 | 0.0002608482		 | 1.05
 721		 | 0.0002654531		 | 0.98
 722		 | 0.0002603163		 | 1.02
 723		 | 0.0002614740		 | 1.00
 724		 | 0.0002553441		 | 1.02
 725		 | 0.0002604391		 | 0.98
 726		 | 0.0002548577		 | 1.02
 727		 | 0.0002489364		 | 1.02
 728		 | 0.0002549539		 | 0.98
 729		 | 0.0002472893		 | 1.03
 730		 | 0.0002431061		 | 1.02
 731		 | 0.0002515014		 | 0.97
 732		 | 0.0002432969		 | 1.03
 733		 | 0.0002486836		 | 0.98
 734		 | 0.0002433866		 | 1.02
 735		 | 0.0002469625		 | 0.99
 736		 | 0.0002386904		 | 1.03
 737		 | 0.0002459316		 | 0.97
 738		 | 0.0002392555		 | 1.03
 739		 | 0.0002387567		 | 1.00
 740		 | 0.0002485235		 | 0.96
 741		 | 0.0002385413		 | 1.04
 742		 | 0.0002383644		 | 1.00
 743		 | 0.0002537560		 | 0.94
 744		 | 0.0002294837		 | 1.11
 745		 | 0.0002342414		 | 0.98
 746		 | 0.0002334283		 | 1.00
 747		 | 0.0002385111		 | 0.98
 748		 | 0.0002305027		 | 1.03
 749		 | 0.0002316398		 | 1.00
 750		 | 0.0002291706		 | 1.01
 751		 | 0.0002329856		 | 0.98
 752		 | 0.0002274753		 | 1.02
 753		 | 0.0002253102		 | 1.01
 754		 | 0.0002184626		 | 1.03
 755		 | 0.0002317392		 | 0.94
 756		 | 0.0002269609		 | 1.02
 757		 | 0.0002148639		 | 1.06
 758		 | 0.0002289824		 | 0.94
 759		 | 0.0002295937		 | 1.00
 760		 | 0.0002102200		 | 1.09
 761		 | 0.0002215516		 | 0.95
 762		 | 0.0002098373		 | 1.06
 763		 | 0.0002170716		 | 0.97
 764		 | 0.0002104498		 | 1.03
 765		 | 0.0002024623		 | 1.04
 766		 | 0.0002105815		 | 0.96
 767		 | 0.0002030343		 | 1.04
 768		 | 0.0002129427		 | 0.95
 769		 | 0.0002058097		 | 1.03
 770		 | 0.0001956378		 | 1.05
 771		 | 0.0002059711		 | 0.95
 772		 | 0.0002035731		 | 1.01
 773		 | 0.0002027848		 | 1.00
 774		 | 0.0001978930		 | 1.02
 775		 | 0.0002058108		 | 0.96
 776		 | 0.0002084068		 | 0.99
 777		 | 0.0001959654		 | 1.06
 778		 | 0.0001971635		 | 0.99
 779		 | 0.0001970590		 | 1.00
 780		 | 0.0001947921		 | 1.01
 781		 | 0.0001947220		 | 1.00
 782		 | 0.0002033381		 | 0.96
 783		 | 0.0001896489		 | 1.07
 784		 | 0.0001999063		 | 0.95
 785		 | 0.0001911829		 | 1.05
 786		 | 0.0001875473		 | 1.02
 787		 | 0.0001961143		 | 0.96
 788		 | 0.0001968967		 | 1.00
 789		 | 0.0001802745		 | 1.09
 790		 | 0.0001967997		 | 0.92
 791		 | 0.0001927201		 | 1.02
 792		 | 0.0001801435		 | 1.07
 793		 | 0.0001853506		 | 0.97
 794		 | 0.0001868667		 | 0.99
 795		 | 0.0001758118		 | 1.06
 796		 | 0.0001885225		 | 0.93
 797		 | 0.0001718066		 | 1.10
 798		 | 0.0001797416		 | 0.96
 799		 | 0.0001785206		 | 1.01
 800		 | 0.0001824361		 | 0.98
 801		 | 0.0001781540		 | 1.02
 802		 | 0.0001665729		 | 1.07
 803		 | 0.0001724910		 | 0.97
 804		 | 0.0001728632		 | 1.00
 805		 | 0.0001664442		 | 1.04
 806		 | 0.0001753109		 | 0.95
 807		 | 0.0001632215		 | 1.07
 808		 | 0.0001797775		 | 0.91
 809		 | 0.0001643633		 | 1.09
 810		 | 0.0001452824		 | 1.13
 811		 | 0.0001641234		 | 0.89
 812		 | 0.0001589437		 | 1.03
 813		 | 0.0001599594		 | 0.99
 814		 | 0.0001662627		 | 0.96
 815		 | 0.0001626864		 | 1.02
 816		 | 0.0001654854		 | 0.98
 817		 | 0.0001516551		 | 1.09
 818		 | 0.0001641155		 | 0.92
 819		 | 0.0001667916		 | 0.98
 820		 | 0.0001541687		 | 1.08
 821		 | 0.0001706324		 | 0.90
 822		 | 0.0001586853		 | 1.08
 823		 | 0.0001602881		 | 0.99
 824		 | 0.0001599146		 | 1.00
 825		 | 0.0001474701		 | 1.08
 826		 | 0.0001548854		 | 0.95
 827		 | 0.0001677923		 | 0.92
 828		 | 0.0001500489		 | 1.12
 829		 | 0.0001507344		 | 1.00
 830		 | 0.0001338262		 | 1.13
 831		 | 0.0001573705		 | 0.85
 832		 | 0.0001638501		 | 0.96
 833		 | 0.0001611316		 | 1.02
 834		 | 0.0001388633		 | 1.16
 835		 | 0.0001558600		 | 0.89
 836		 | 0.0001395271		 | 1.12
 837		 | 0.0001594363		 | 0.88
 838		 | 0.0001362603		 | 1.17
 839		 | 0.0001208193		 | 1.13
 840		 | 0.0001482327		 | 0.82
 841		 | 0.0001705615		 | 0.87
 842		 | 0.0000522346		 | 3.27
 843		 | 0.0001558093		 | 0.34
 844		 | 0.0000922360		 | 1.69
 845		 | 0.0001146177		 | 0.80
 846		 | 0.0001308400		 | 0.88
 847		 | 0.0001423181		 | 0.92
 848		 | 0.0001252868		 | 1.14
 849		 | 0.0001302983		 | 0.96
 850		 | 0.0001203835		 | 1.08
 851		 | 0.0001404505		 | 0.86
 852		 | 0.0001328020		 | 1.06
 853		 | 0.0001432069		 | 0.93
 854		 | 0.0001091200		 | 1.31
 855		 | 0.0001401582		 | 0.78
 856		 | 0.0001346849		 | 1.04
 857		 | 0.0001257315		 | 1.07
 858		 | 0.0001221651		 | 1.03
 859		 | 0.0001217006		 | 1.00
 860		 | 0.0001182824		 | 1.03
 861		 | 0.0001297455		 | 0.91
 862		 | 0.0001170128		 | 1.11
 863		 | 0.0001214647		 | 0.96
 864		 | 0.0001287298		 | 0.94
 865		 | 0.0001218779		 | 1.06
 866		 | 0.0001298470		 | 0.94
 867		 | 0.0001182983		 | 1.10
 868		 | 0.0001157574		 | 1.02
 869		 | 0.0001273816		 | 0.91
 870		 | 0.0001152736		 | 1.11
 871		 | 0.0001210245		 | 0.95
 872		 | 0.0001153716		 | 1.05
 873		 | 0.0001085199		 | 1.06
 874		 | 0.0001117463		 | 0.97
 875		 | 0.0001071212		 | 1.04
 876		 | 0.0001143177		 | 0.94
 877		 | 0.0001076968		 | 1.06
 878		 | 0.0001050960		 | 1.02
 879		 | 0.0001038612		 | 1.01
 880		 | 0.0001076621		 | 0.96
 881		 | 0.0001048865		 | 1.03
 882		 | 0.0001033381		 | 1.01
 883		 | 0.0001050167		 | 0.98
 884		 | 0.0001072584		 | 0.98
 885		 | 0.0001047518		 | 1.02
 886		 | 0.0001000879		 | 1.05
 887		 | 0.0000989169		 | 1.01
 888		 | 0.0001077976		 | 0.92
 889		 | 0.0000922825		 | 1.17
 890		 | 0.0001016044		 | 0.91
 891		 | 0.0000984051		 | 1.03
 892		 | 0.0000937637		 | 1.05
 893		 | 0.0000976702		 | 0.96
 894		 | 0.0000907275		 | 1.08
 895		 | 0.0000904804		 | 1.00
 896		 | 0.0001037413		 | 0.87
 897		 | 0.0000946568		 | 1.10
 898		 | 0.0000919852		 | 1.03
 899		 | 0.0000906720		 | 1.01
 900		 | 0.0001009413		 | 0.90
 901		 | 0.0000882722		 | 1.14
 902		 | 0.0000967544		 | 0.91
 903		 | 0.0000962168		 | 1.01
 904		 | 0.0000906345		 | 1.06
 905		 | 0.0000933742		 | 0.97
 906		 | 0.0000954547		 | 0.98
 907		 | 0.0000809764		 | 1.18
 908		 | 0.0000944775		 | 0.86
 909		 | 0.0000902101		 | 1.05
 910		 | 0.0000783483		 | 1.15
 911		 | 0.0000850413		 | 0.92
 912		 | 0.0000845619		 | 1.01
 913		 | 0.0000807004		 | 1.05
 914		 | 0.0000812597		 | 0.99
 915		 | 0.0000758143		 | 1.07
 916		 | 0.0000897550		 | 0.84
 917		 | 0.0000786446		 | 1.14
 918		 | 0.0000722950		 | 1.09
 919		 | 0.0000756995		 | 0.96
 920		 | 0.0000749844		 | 1.01
 921		 | 0.0000785365		 | 0.95
 922		 | 0.0000757515		 | 1.04
 923		 | 0.0000728954		 | 1.04
 924		 | 0.0000741484		 | 0.98
 925		 | 0.0000756775		 | 0.98
 926		 | 0.0000726686		 | 1.04
 927		 | 0.0000680749		 | 1.07
 928		 | 0.0000723070		 | 0.94
 929		 | 0.0000759127		 | 0.95
 930		 | 0.0000698798		 | 1.09
 931		 | 0.0000687292		 | 1.02
 932		 | 0.0000698459		 | 0.98
 933		 | 0.0000688606		 | 1.01
 934		 | 0.0000647750		 | 1.06
 935		 | 0.0000645843		 | 1.00
 936		 | 0.0000687468		 | 0.94
 937		 | 0.0000706805		 | 0.97
 938		 | 0.0000667899		 | 1.06
 939		 | 0.0000618456		 | 1.08
 940		 | 0.0000676152		 | 0.91
 941		 | 0.0000741911		 | 0.91
 942		 | 0.0000640461		 | 1.16
 943		 | 0.0000609403		 | 1.05
 944		 | 0.0000623246		 | 0.98
 945		 | 0.0000690062		 | 0.90
 946		 | 0.0000636452		 | 1.08
 947		 | 0.0000645781		 | 0.99
 948		 | 0.0000630103		 | 1.02
 949		 | 0.0000584503		 | 1.08
 950		 | 0.0000568629		 | 1.03
 951		 | 0.0000555495		 | 1.02
 952		 | 0.0000550593		 | 1.01
 953		 | 0.0000565003		 | 0.97
 954		 | 0.0000526249		 | 1.07
 955		 | 0.0000615335		 | 0.86
 956		 | 0.0000497353		 | 1.24
 957		 | 0.0000479923		 | 1.04
 958		 | 0.0000505424		 | 0.95
 959		 | 0.0000463160		 | 1.09
 960		 | 0.0000470965		 | 0.98
 961		 | 0.0000785038		 | 0.60
 962		 | 0.0000585193		 | 1.34
 963		 | 0.0000512584		 | 1.14
 964		 | 0.0000496305		 | 1.03
 965		 | 0.0000435699		 | 1.14
 966		 | 0.0000442245		 | 0.99
 967		 | 0.0000468190		 | 0.94
 968		 | 0.0000409914		 | 1.14
 969		 | 0.0000500163		 | 0.82
 970		 | 0.0000444149		 | 1.13
 971		 | 0.0000454335		 | 0.98
 972		 | 0.0000391425		 | 1.16
 973		 | 0.0000423400		 | 0.92
 974		 | 0.0000398300		 | 1.06
 975		 | 0.0000412618		 | 0.97
 976		 | 0.0000397826		 | 1.04
 977		 | 0.0000441728		 | 0.90
 978		 | 0.0000441380		 | 1.00
 979		 | 0.0000430561		 | 1.03
 980		 | 0.0000372394		 | 1.16
 981		 | 0.0000476662		 | 0.78
 982		 | 0.0000374044		 | 1.27
 983		 | 0.0000372785		 | 1.00
 984		 | 0.0000410646		 | 0.91
 985		 | 0.0000397309		 | 1.03
 986		 | 0.0000373471		 | 1.06
 987		 | 0.0000415542		 | 0.90
 988		 | 0.0000331212		 | 1.25
 989		 | 0.0000337575		 | 0.98
 990		 | 0.0000281936		 | 1.20
 991		 | 0.0000319232		 | 0.88
 992		 | 0.0000311193		 | 1.03
 993		 | 0.0000361080		 | 0.86
 994		 | 0.0000291921		 | 1.24
 995		 | 0.0000309232		 | 0.94
 996		 | 0.0000299074		 | 1.03
 997		 | 0.0000330657		 | 0.90
 998		 | 0.0000226297		 | 1.46
 999		 | 0.0000298907		 | 0.76
1000		 | 0.0000320473		 | 0.93