Resize Kernel: Bicubic b 0.33 c 0.33
Native resolution(s) (best guess): 810p
Please check the graph manually for more accurate results

Raw data:
Resolution	 | Relative Error	 | Relative difference from last
 500		 | 0.0006680832		 | 0.00
 501		 | 0.0006606987		 | 1.01
 502		 | 0.0006519649		 | 1.01
 503		 | 0.0006572498		 | 0.99
 504		 | 0.0006456595		 | 1.02
 505		 | 0.0006441719		 | 1.00
 506		 | 0.0006361862		 | 1.01
 507		 | 0.0006368687		 | 1.00
 508		 | 0.0006279128		 | 1.01
 509		 | 0.0006213340		 | 1.01
 510		 | 0.0006203571		 | 1.00
 511		 | 0.0006109653		 | 1.02
 512		 | 0.0006122577		 | 1.00
 513		 | 0.0005983799		 | 1.02
 514		 | 0.0005964311		 | 1.00
 515		 | 0.0005982950		 | 1.00
 516		 | 0.0005960435		 | 1.00
 517		 | 0.0005909856		 | 1.01
 518		 | 0.0005771717		 | 1.02
 519		 | 0.0005715976		 | 1.01
 520		 | 0.0005679753		 | 1.01
 521		 | 0.0005590884		 | 1.02
 522		 | 0.0005610498		 | 1.00
 523		 | 0.0005663697		 | 0.99
 524		 | 0.0005494880		 | 1.03
 525		 | 0.0005499084		 | 1.00
 526		 | 0.0005488224		 | 1.00
 527		 | 0.0005484832		 | 1.00
 528		 | 0.0005376420		 | 1.02
 529		 | 0.0005314633		 | 1.01
 530		 | 0.0005310624		 | 1.00
 531		 | 0.0005204607		 | 1.02
 532		 | 0.0005217925		 | 1.00
 533		 | 0.0005194870		 | 1.00
 534		 | 0.0005165647		 | 1.01
 535		 | 0.0005129538		 | 1.01
 536		 | 0.0005137277		 | 1.00
 537		 | 0.0005075910		 | 1.01
 538		 | 0.0005006030		 | 1.01
 539		 | 0.0004927335		 | 1.02
 540		 | 0.0004966762		 | 0.99
 541		 | 0.0004852338		 | 1.02
 542		 | 0.0004845225		 | 1.00
 543		 | 0.0004814905		 | 1.01
 544		 | 0.0004820671		 | 1.00
 545		 | 0.0004752980		 | 1.01
 546		 | 0.0004681352		 | 1.02
 547		 | 0.0004655678		 | 1.01
 548		 | 0.0004561807		 | 1.02
 549		 | 0.0004498453		 | 1.01
 550		 | 0.0004540743		 | 0.99
 551		 | 0.0004501152		 | 1.01
 552		 | 0.0004553853		 | 0.99
 553		 | 0.0004516527		 | 1.01
 554		 | 0.0004418201		 | 1.02
 555		 | 0.0004422907		 | 1.00
 556		 | 0.0004316486		 | 1.02
 557		 | 0.0004267724		 | 1.01
 558		 | 0.0004291005		 | 0.99
 559		 | 0.0004259513		 | 1.01
 560		 | 0.0004243806		 | 1.00
 561		 | 0.0004244855		 | 1.00
 562		 | 0.0004209105		 | 1.01
 563		 | 0.0004149991		 | 1.01
 564		 | 0.0004133627		 | 1.00
 565		 | 0.0004062612		 | 1.02
 566		 | 0.0004083717		 | 0.99
 567		 | 0.0003973628		 | 1.03
 568		 | 0.0003964016		 | 1.00
 569		 | 0.0003970930		 | 1.00
 570		 | 0.0003957628		 | 1.00
 571		 | 0.0003929967		 | 1.01
 572		 | 0.0003889828		 | 1.01
 573		 | 0.0003848877		 | 1.01
 574		 | 0.0003843979		 | 1.00
 575		 | 0.0003786442		 | 1.02
 576		 | 0.0003734578		 | 1.01
 577		 | 0.0003738319		 | 1.00
 578		 | 0.0003682770		 | 1.02
 579		 | 0.0003677951		 | 1.00
 580		 | 0.0003688006		 | 1.00
 581		 | 0.0003671231		 | 1.00
 582		 | 0.0003585308		 | 1.02
 583		 | 0.0003593764		 | 1.00
 584		 | 0.0003576119		 | 1.00
 585		 | 0.0003502795		 | 1.02
 586		 | 0.0003426455		 | 1.02
 587		 | 0.0003497438		 | 0.98
 588		 | 0.0003463559		 | 1.01
 589		 | 0.0003428623		 | 1.01
 590		 | 0.0003394559		 | 1.01
 591		 | 0.0003413427		 | 0.99
 592		 | 0.0003342162		 | 1.02
 593		 | 0.0003258732		 | 1.03
 594		 | 0.0003274794		 | 1.00
 595		 | 0.0003250199		 | 1.01
 596		 | 0.0003183008		 | 1.02
 597		 | 0.0003194495		 | 1.00
 598		 | 0.0003220584		 | 0.99
 599		 | 0.0003216436		 | 1.00
 600		 | 0.0003163575		 | 1.02
 601		 | 0.0003143196		 | 1.01
 602		 | 0.0003136176		 | 1.00
 603		 | 0.0003081564		 | 1.02
 604		 | 0.0003016803		 | 1.02
 605		 | 0.0003040822		 | 0.99
 606		 | 0.0003022122		 | 1.01
 607		 | 0.0002987599		 | 1.01
 608		 | 0.0002991516		 | 1.00
 609		 | 0.0002979714		 | 1.00
 610		 | 0.0002972026		 | 1.00
 611		 | 0.0002933750		 | 1.01
 612		 | 0.0002896265		 | 1.01
 613		 | 0.0002874182		 | 1.01
 614		 | 0.0002870829		 | 1.00
 615		 | 0.0002830908		 | 1.01
 616		 | 0.0002815096		 | 1.01
 617		 | 0.0002812995		 | 1.00
 618		 | 0.0002807060		 | 1.00
 619		 | 0.0002803574		 | 1.00
 620		 | 0.0002711251		 | 1.03
 621		 | 0.0002711963		 | 1.00
 622		 | 0.0002653002		 | 1.02
 623		 | 0.0002669230		 | 0.99
 624		 | 0.0002685352		 | 0.99
 625		 | 0.0002684524		 | 1.00
 626		 | 0.0002632309		 | 1.02
 627		 | 0.0002656258		 | 0.99
 628		 | 0.0002622170		 | 1.01
 629		 | 0.0002603062		 | 1.01
 630		 | 0.0002587531		 | 1.01
 631		 | 0.0002562505		 | 1.01
 632		 | 0.0002489577		 | 1.03
 633		 | 0.0002464967		 | 1.01
 634		 | 0.0002486507		 | 0.99
 635		 | 0.0002567313		 | 0.97
 636		 | 0.0002464944		 | 1.04
 637		 | 0.0002477362		 | 0.99
 638		 | 0.0002475637		 | 1.00
 639		 | 0.0002394143		 | 1.03
 640		 | 0.0002403894		 | 1.00
 641		 | 0.0002363582		 | 1.02
 642		 | 0.0002381790		 | 0.99
 643		 | 0.0002346881		 | 1.01
 644		 | 0.0002267748		 | 1.03
 645		 | 0.0002355978		 | 0.96
 646		 | 0.0002331483		 | 1.01
 647		 | 0.0002298813		 | 1.01
 648		 | 0.0002294292		 | 1.00
 649		 | 0.0002260250		 | 1.02
 650		 | 0.0002278501		 | 0.99
 651		 | 0.0002246823		 | 1.01
 652		 | 0.0002243139		 | 1.00
 653		 | 0.0002243542		 | 1.00
 654		 | 0.0002241590		 | 1.00
 655		 | 0.0002200507		 | 1.02
 656		 | 0.0002183414		 | 1.01
 657		 | 0.0002183232		 | 1.00
 658		 | 0.0002150503		 | 1.02
 659		 | 0.0002133136		 | 1.01
 660		 | 0.0002127259		 | 1.00
 661		 | 0.0002101385		 | 1.01
 662		 | 0.0002078150		 | 1.01
 663		 | 0.0002094211		 | 0.99
 664		 | 0.0002070774		 | 1.01
 665		 | 0.0002026145		 | 1.02
 666		 | 0.0002038899		 | 0.99
 667		 | 0.0002043234		 | 1.00
 668		 | 0.0001974878		 | 1.03
 669		 | 0.0001988203		 | 0.99
 670		 | 0.0001966736		 | 1.01
 671		 | 0.0002010003		 | 0.98
 672		 | 0.0001984652		 | 1.01
 673		 | 0.0001978481		 | 1.00
 674		 | 0.0002005002		 | 0.99
 675		 | 0.0001824479		 | 1.10
 676		 | 0.0001934519		 | 0.94
 677		 | 0.0001909394		 | 1.01
 678		 | 0.0001900196		 | 1.00
 679		 | 0.0001892154		 | 1.00
 680		 | 0.0001850354		 | 1.02
 681		 | 0.0001848425		 | 1.00
 682		 | 0.0001847745		 | 1.00
 683		 | 0.0001810628		 | 1.02
 684		 | 0.0001811089		 | 1.00
 685		 | 0.0001877932		 | 0.96
 686		 | 0.0001770913		 | 1.06
 687		 | 0.0001782777		 | 0.99
 688		 | 0.0001765248		 | 1.01
 689		 | 0.0001737222		 | 1.02
 690		 | 0.0001757204		 | 0.99
 691		 | 0.0001714412		 | 1.02
 692		 | 0.0001758311		 | 0.98
 693		 | 0.0001793854		 | 0.98
 694		 | 0.0001706070		 | 1.05
 695		 | 0.0001741071		 | 0.98
 696		 | 0.0001705525		 | 1.02
 697		 | 0.0001722274		 | 0.99
 698		 | 0.0001721666		 | 1.00
 699		 | 0.0001687572		 | 1.02
 700		 | 0.0001673381		 | 1.01
 701		 | 0.0001656236		 | 1.01
 702		 | 0.0001631129		 | 1.02
 703		 | 0.0001664259		 | 0.98
 704		 | 0.0001620247		 | 1.03
 705		 | 0.0001638732		 | 0.99
 706		 | 0.0001612040		 | 1.02
 707		 | 0.0001577257		 | 1.02
 708		 | 0.0001578421		 | 1.00
 709		 | 0.0001563251		 | 1.01
 710		 | 0.0001630068		 | 0.96
 711		 | 0.0001581454		 | 1.03
 712		 | 0.0001529603		 | 1.03
 713		 | 0.0001630281		 | 0.94
 714		 | 0.0001610686		 | 1.01
 715		 | 0.0001530499		 | 1.05
 716		 | 0.0001491721		 | 1.03
 717		 | 0.0001466585		 | 1.02
 718		 | 0.0001494401		 | 0.98
 719		 | 0.0001536075		 | 0.97
 720		 | 0.0001503464		 | 1.02
 721		 | 0.0001552310		 | 0.97
 722		 | 0.0001508519		 | 1.03
 723		 | 0.0001476974		 | 1.02
 724		 | 0.0001443723		 | 1.02
 725		 | 0.0001433856		 | 1.01
 726		 | 0.0001431129		 | 1.00
 727		 | 0.0001436291		 | 1.00
 728		 | 0.0001382241		 | 1.04
 729		 | 0.0001392280		 | 0.99
 730		 | 0.0001435268		 | 0.97
 731		 | 0.0001441023		 | 1.00
 732		 | 0.0001431709		 | 1.01
 733		 | 0.0001408411		 | 1.02
 734		 | 0.0001337869		 | 1.05
 735		 | 0.0001369621		 | 0.98
 736		 | 0.0001318695		 | 1.04
 737		 | 0.0001227388		 | 1.07
 738		 | 0.0001344834		 | 0.91
 739		 | 0.0001332825		 | 1.01
 740		 | 0.0001332443		 | 1.00
 741		 | 0.0001314902		 | 1.01
 742		 | 0.0001276328		 | 1.03
 743		 | 0.0001287966		 | 0.99
 744		 | 0.0001291634		 | 1.00
 745		 | 0.0001252980		 | 1.03
 746		 | 0.0001260076		 | 0.99
 747		 | 0.0001274203		 | 0.99
 748		 | 0.0001246757		 | 1.02
 749		 | 0.0001240011		 | 1.01
 750		 | 0.0001248614		 | 0.99
 751		 | 0.0001261994		 | 0.99
 752		 | 0.0001229362		 | 1.03
 753		 | 0.0001220706		 | 1.01
 754		 | 0.0001214045		 | 1.01
 755		 | 0.0001132035		 | 1.07
 756		 | 0.0001218161		 | 0.93
 757		 | 0.0001178367		 | 1.03
 758		 | 0.0001251077		 | 0.94
 759		 | 0.0001260307		 | 0.99
 760		 | 0.0001151971		 | 1.09
 761		 | 0.0001241346		 | 0.93
 762		 | 0.0001082031		 | 1.15
 763		 | 0.0001071572		 | 1.01
 764		 | 0.0001164995		 | 0.92
 765		 | 0.0001077754		 | 1.08
 766		 | 0.0001129635		 | 0.95
 767		 | 0.0001164276		 | 0.97
 768		 | 0.0001156953		 | 1.01
 769		 | 0.0001198324		 | 0.97
 770		 | 0.0001140585		 | 1.05
 771		 | 0.0001078476		 | 1.06
 772		 | 0.0001099360		 | 0.98
 773		 | 0.0001070727		 | 1.03
 774		 | 0.0001076018		 | 1.00
 775		 | 0.0001089443		 | 0.99
 776		 | 0.0001068902		 | 1.02
 777		 | 0.0001082900		 | 0.99
 778		 | 0.0001128675		 | 0.96
 779		 | 0.0001151951		 | 0.98
 780		 | 0.0001142024		 | 1.01
 781		 | 0.0001011544		 | 1.13
 782		 | 0.0000966331		 | 1.05
 783		 | 0.0000951419		 | 1.02
 784		 | 0.0000981541		 | 0.97
 785		 | 0.0001007348		 | 0.97
 786		 | 0.0000999317		 | 1.01
 787		 | 0.0001066684		 | 0.94
 788		 | 0.0001025864		 | 1.04
 789		 | 0.0000940731		 | 1.09
 790		 | 0.0000971047		 | 0.97
 791		 | 0.0000909643		 | 1.07
 792		 | 0.0000978599		 | 0.93
 793		 | 0.0000874790		 | 1.12
 794		 | 0.0000936676		 | 0.93
 795		 | 0.0000979740		 | 0.96
 796		 | 0.0001010651		 | 0.97
 797		 | 0.0000975576		 | 1.04
 798		 | 0.0000960476		 | 1.02
 799		 | 0.0000842450		 | 1.14
 800		 | 0.0000809561		 | 1.04
 801		 | 0.0000965145		 | 0.84
 802		 | 0.0000859676		 | 1.12
 803		 | 0.0000966927		 | 0.89
 804		 | 0.0000956955		 | 1.01
 805		 | 0.0000883622		 | 1.08
 806		 | 0.0000888048		 | 1.00
 807		 | 0.0000891217		 | 1.00
 808		 | 0.0000928111		 | 0.96
 809		 | 0.0000856019		 | 1.08
 810		 | 0.0000001335		 | 641.11
 811		 | 0.0000830628		 | 0.00
 812		 | 0.0000917609		 | 0.91
 813		 | 0.0000973093		 | 0.94
 814		 | 0.0000873077		 | 1.11
 815		 | 0.0000763091		 | 1.14
 816		 | 0.0000815180		 | 0.94
 817		 | 0.0000880220		 | 0.93
 818		 | 0.0000761874		 | 1.16
 819		 | 0.0000842167		 | 0.90
 820		 | 0.0000711373		 | 1.18
 821		 | 0.0000730203		 | 0.97
 822		 | 0.0000749923		 | 0.97
 823		 | 0.0000862593		 | 0.87
 824		 | 0.0000768092		 | 1.12
 825		 | 0.0000882122		 | 0.87
 826		 | 0.0000755772		 | 1.17
 827		 | 0.0000661881		 | 1.14
 828		 | 0.0000775456		 | 0.85
 829		 | 0.0000720421		 | 1.08
 830		 | 0.0000747064		 | 0.96
 831		 | 0.0000740960		 | 1.01
 832		 | 0.0000743799		 | 1.00
 833		 | 0.0000772945		 | 0.96
 834		 | 0.0000798534		 | 0.97
 835		 | 0.0000713406		 | 1.12
 836		 | 0.0000712397		 | 1.00
 837		 | 0.0000666597		 | 1.07
 838		 | 0.0000642265		 | 1.04
 839		 | 0.0000701216		 | 0.92
 840		 | 0.0000733162		 | 0.96
 841		 | 0.0000756873		 | 0.97
 842		 | 0.0000795891		 | 0.95
 843		 | 0.0000715492		 | 1.11
 844		 | 0.0000702928		 | 1.02
 845		 | 0.0000665040		 | 1.06
 846		 | 0.0000654141		 | 1.02
 847		 | 0.0000657474		 | 0.99
 848		 | 0.0000658034		 | 1.00
 849		 | 0.0000651565		 | 1.01
 850		 | 0.0000704865		 | 0.92
 851		 | 0.0000710844		 | 0.99
 852		 | 0.0000684307		 | 1.04
 853		 | 0.0000669073		 | 1.02
 854		 | 0.0000633368		 | 1.06
 855		 | 0.0000582399		 | 1.09
 856		 | 0.0000624253		 | 0.93
 857		 | 0.0000541278		 | 1.15
 858		 | 0.0000535649		 | 1.01
 859		 | 0.0000589659		 | 0.91
 860		 | 0.0000662776		 | 0.89
 861		 | 0.0000618639		 | 1.07
 862		 | 0.0000643042		 | 0.96
 863		 | 0.0000544740		 | 1.18
 864		 | 0.0000559360		 | 0.97
 865		 | 0.0000519688		 | 1.08
 866		 | 0.0000552707		 | 0.94
 867		 | 0.0000566319		 | 0.98
 868		 | 0.0000554420		 | 1.02
 869		 | 0.0000553249		 | 1.00
 870		 | 0.0000592722		 | 0.93
 871		 | 0.0000543445		 | 1.09
 872		 | 0.0000538512		 | 1.01
 873		 | 0.0000537621		 | 1.00
 874		 | 0.0000517536		 | 1.04
 875		 | 0.0000523114		 | 0.99
 876		 | 0.0000501192		 | 1.04
 877		 | 0.0000528566		 | 0.95
 878		 | 0.0000505696		 | 1.05
 879		 | 0.0000478752		 | 1.06
 880		 | 0.0000532232		 | 0.90
 881		 | 0.0000486004		 | 1.10
 882		 | 0.0000513511		 | 0.95
 883		 | 0.0000428319		 | 1.20
 884		 | 0.0000470037		 | 0.91
 885		 | 0.0000462739		 | 1.02
 886		 | 0.0000483824		 | 0.96
 887		 | 0.0000466141		 | 1.04
 888		 | 0.0000506675		 | 0.92
 889		 | 0.0000496980		 | 1.02
 890		 | 0.0000467670		 | 1.06
 891		 | 0.0000442490		 | 1.06
 892		 | 0.0000428746		 | 1.03
 893		 | 0.0000442607		 | 0.97
 894		 | 0.0000469282		 | 0.94
 895		 | 0.0000446950		 | 1.05
 896		 | 0.0000444425		 | 1.01
 897		 | 0.0000422483		 | 1.05
 898		 | 0.0000446894		 | 0.95
 899		 | 0.0000469006		 | 0.95
 900		 | 0.0000400034		 | 1.17
 901		 | 0.0000427903		 | 0.93
 902		 | 0.0000383736		 | 1.12
 903		 | 0.0000368177		 | 1.04
 904		 | 0.0000388945		 | 0.95
 905		 | 0.0000408515		 | 0.95
 906		 | 0.0000376856		 | 1.08
 907		 | 0.0000438023		 | 0.86
 908		 | 0.0000395001		 | 1.11
 909		 | 0.0000377103		 | 1.05
 910		 | 0.0000395317		 | 0.95
 911		 | 0.0000354883		 | 1.11
 912		 | 0.0000364148		 | 0.97
 913		 | 0.0000351771		 | 1.04
 914		 | 0.0000338842		 | 1.04
 915		 | 0.0000381823		 | 0.89
 916		 | 0.0000370705		 | 1.03
 917		 | 0.0000359294		 | 1.03
 918		 | 0.0000357068		 | 1.01
 919		 | 0.0000304947		 | 1.17
 920		 | 0.0000319465		 | 0.95
 921		 | 0.0000327179		 | 0.98
 922		 | 0.0000351414		 | 0.93
 923		 | 0.0000355115		 | 0.99
 924		 | 0.0000329370		 | 1.08
 925		 | 0.0000306599		 | 1.07
 926		 | 0.0000304925		 | 1.01
 927		 | 0.0000353556		 | 0.86
 928		 | 0.0000298507		 | 1.18
 929		 | 0.0000257565		 | 1.16
 930		 | 0.0000243604		 | 1.06
 931		 | 0.0000289938		 | 0.84
 932		 | 0.0000285737		 | 1.01
 933		 | 0.0000296482		 | 0.96
 934		 | 0.0000261441		 | 1.13
 935		 | 0.0000312141		 | 0.84
 936		 | 0.0000258816		 | 1.21
 937		 | 0.0000264345		 | 0.98
 938		 | 0.0000242711		 | 1.09
 939		 | 0.0000265946		 | 0.91
 940		 | 0.0000264548		 | 1.01
 941		 | 0.0000271217		 | 0.98
 942		 | 0.0000232082		 | 1.17
 943		 | 0.0000274552		 | 0.85
 944		 | 0.0000269314		 | 1.02
 945		 | 0.0000438770		 | 0.61
 946		 | 0.0000254898		 | 1.72
 947		 | 0.0000258096		 | 0.99
 948		 | 0.0000271150		 | 0.95
 949		 | 0.0000232836		 | 1.16
 950		 | 0.0000223919		 | 1.04
 951		 | 0.0000235587		 | 0.95
 952		 | 0.0000209393		 | 1.13
 953		 | 0.0000217777		 | 0.96
 954		 | 0.0000198402		 | 1.10
 955		 | 0.0000234742		 | 0.85
 956		 | 0.0000183230		 | 1.28
 957		 | 0.0000179330		 | 1.02
 958		 | 0.0000216232		 | 0.83
 959		 | 0.0000190393		 | 1.14
 960		 | 0.0000176157		 | 1.08
 961		 | 0.0000154157		 | 1.14
 962		 | 0.0000189933		 | 0.81
 963		 | 0.0000231564		 | 0.82
 964		 | 0.0000184275		 | 1.26
 965		 | 0.0000173126		 | 1.06
 966		 | 0.0000165830		 | 1.04
 967		 | 0.0000182422		 | 0.91
 968		 | 0.0000200752		 | 0.91
 969		 | 0.0000208866		 | 0.96
 970		 | 0.0000161082		 | 1.30
 971		 | 0.0000143249		 | 1.12
 972		 | 0.0000175727		 | 0.82
 973		 | 0.0000173015		 | 1.02
 974		 | 0.0000154603		 | 1.12
 975		 | 0.0000158608		 | 0.97
 976		 | 0.0000160088		 | 0.99
 977		 | 0.0000134655		 | 1.19
 978		 | 0.0000151747		 | 0.89
 979		 | 0.0000145573		 | 1.04
 980		 | 0.0000163584		 | 0.89
 981		 | 0.0000126765		 | 1.29
 982		 | 0.0000155583		 | 0.81
 983		 | 0.0000153634		 | 1.01
 984		 | 0.0000146311		 | 1.05
 985		 | 0.0000113674		 | 1.29
 986		 | 0.0000148307		 | 0.77
 987		 | 0.0000099701		 | 1.49
 988		 | 0.0000112231		 | 0.89
 989		 | 0.0000118320		 | 0.95
 990		 | 0.0000044950		 | 2.63
 991		 | 0.0000145809		 | 0.31
 992		 | 0.0000124091		 | 1.18
 993		 | 0.0000108980		 | 1.14
 994		 | 0.0000101628		 | 1.07
 995		 | 0.0000114992		 | 0.88
 996		 | 0.0000118919		 | 0.97
 997		 | 0.0000113595		 | 1.05
 998		 | 0.0000093236		 | 1.22
 999		 | 0.0000081497		 | 1.14
1000		 | 0.0000101026		 | 0.81