Resize Kernel: Bicubic b 0.33 c 0.33
Native resolution(s) (best guess): 969p, 989p, 927p
Please check the graph manually for more accurate results

Raw data:
Resolution	 | Relative Error	 | Relative difference from last
 500		 | 0.0053518039		 | 0.00
 501		 | 0.0051916302		 | 1.03
 502		 | 0.0052037761		 | 1.00
 503		 | 0.0051407797		 | 1.01
 504		 | 0.0051772569		 | 0.99
 505		 | 0.0052870933		 | 0.98
 506		 | 0.0052254477		 | 1.01
 507		 | 0.0052133320		 | 1.00
 508		 | 0.0051570285		 | 1.01
 509		 | 0.0050307131		 | 1.03
 510		 | 0.0049567708		 | 1.01
 511		 | 0.0049814833		 | 1.00
 512		 | 0.0050532222		 | 0.99
 513		 | 0.0050034801		 | 1.01
 514		 | 0.0049548853		 | 1.01
 515		 | 0.0048575569		 | 1.02
 516		 | 0.0048841998		 | 0.99
 517		 | 0.0048446830		 | 1.01
 518		 | 0.0048984374		 | 0.99
 519		 | 0.0048739452		 | 1.01
 520		 | 0.0048147910		 | 1.01
 521		 | 0.0046988405		 | 1.02
 522		 | 0.0047078418		 | 1.00
 523		 | 0.0047601132		 | 0.99
 524		 | 0.0048092143		 | 0.99
 525		 | 0.0048198691		 | 1.00
 526		 | 0.0047032574		 | 1.02
 527		 | 0.0045091267		 | 1.04
 528		 | 0.0044929155		 | 1.00
 529		 | 0.0045757661		 | 0.98
 530		 | 0.0046769005		 | 0.98
 531		 | 0.0046663821		 | 1.00
 532		 | 0.0046020712		 | 1.01
 533		 | 0.0045334626		 | 1.02
 534		 | 0.0044952649		 | 1.01
 535		 | 0.0043577063		 | 1.03
 536		 | 0.0045368939		 | 0.96
 537		 | 0.0045141017		 | 1.01
 538		 | 0.0043996151		 | 1.03
 539		 | 0.0045045433		 | 0.98
 540		 | 0.0043731610		 | 1.03
 541		 | 0.0042835183		 | 1.02
 542		 | 0.0043567170		 | 0.98
 543		 | 0.0043415549		 | 1.00
 544		 | 0.0043355928		 | 1.00
 545		 | 0.0043708632		 | 0.99
 546		 | 0.0043159030		 | 1.01
 547		 | 0.0041784672		 | 1.03
 548		 | 0.0041094668		 | 1.02
 549		 | 0.0041460302		 | 0.99
 550		 | 0.0042166113		 | 0.98
 551		 | 0.0042402862		 | 0.99
 552		 | 0.0042656407		 | 0.99
 553		 | 0.0041855231		 | 1.02
 554		 | 0.0041006861		 | 1.02
 555		 | 0.0041237668		 | 0.99
 556		 | 0.0041364817		 | 1.00
 557		 | 0.0041272154		 | 1.00
 558		 | 0.0040057514		 | 1.03
 559		 | 0.0039121263		 | 1.02
 560		 | 0.0040438704		 | 0.97
 561		 | 0.0040332660		 | 1.00
 562		 | 0.0040216732		 | 1.00
 563		 | 0.0040296557		 | 1.00
 564		 | 0.0039490466		 | 1.02
 565		 | 0.0039127397		 | 1.01
 566		 | 0.0039495270		 | 0.99
 567		 | 0.0038481283		 | 1.03
 568		 | 0.0038940302		 | 0.99
 569		 | 0.0039433328		 | 0.99
 570		 | 0.0039204984		 | 1.01
 571		 | 0.0038122324		 | 1.03
 572		 | 0.0038194512		 | 1.00
 573		 | 0.0038711791		 | 0.99
 574		 | 0.0038053639		 | 1.02
 575		 | 0.0038194266		 | 1.00
 576		 | 0.0037785088		 | 1.01
 577		 | 0.0037117252		 | 1.02
 578		 | 0.0037591129		 | 0.99
 579		 | 0.0037396547		 | 1.01
 580		 | 0.0037822545		 | 0.99
 581		 | 0.0036919336		 | 1.02
 582		 | 0.0037067019		 | 1.00
 583		 | 0.0035892547		 | 1.03
 584		 | 0.0035783611		 | 1.00
 585		 | 0.0036345337		 | 0.98
 586		 | 0.0036006402		 | 1.01
 587		 | 0.0036622978		 | 0.98
 588		 | 0.0036695728		 | 1.00
 589		 | 0.0036000041		 | 1.02
 590		 | 0.0034569780		 | 1.04
 591		 | 0.0034697713		 | 1.00
 592		 | 0.0034816491		 | 1.00
 593		 | 0.0034566547		 | 1.01
 594		 | 0.0035353601		 | 0.98
 595		 | 0.0034595193		 | 1.02
 596		 | 0.0033521618		 | 1.03
 597		 | 0.0033542916		 | 1.00
 598		 | 0.0033849006		 | 0.99
 599		 | 0.0032985729		 | 1.03
 600		 | 0.0033756884		 | 0.98
 601		 | 0.0034076612		 | 0.99
 602		 | 0.0032921928		 | 1.04
 603		 | 0.0033018707		 | 1.00
 604		 | 0.0032953806		 | 1.00
 605		 | 0.0032884483		 | 1.00
 606		 | 0.0032915187		 | 1.00
 607		 | 0.0032671216		 | 1.01
 608		 | 0.0032033981		 | 1.02
 609		 | 0.0031912562		 | 1.00
 610		 | 0.0032300871		 | 0.99
 611		 | 0.0032536289		 | 0.99
 612		 | 0.0032328670		 | 1.01
 613		 | 0.0031687147		 | 1.02
 614		 | 0.0031293363		 | 1.01
 615		 | 0.0031227201		 | 1.00
 616		 | 0.0030896143		 | 1.01
 617		 | 0.0031841098		 | 0.97
 618		 | 0.0031586591		 | 1.01
 619		 | 0.0031238385		 | 1.01
 620		 | 0.0031383761		 | 1.00
 621		 | 0.0030148992		 | 1.04
 622		 | 0.0030209016		 | 1.00
 623		 | 0.0030823283		 | 0.98
 624		 | 0.0030900688		 | 1.00
 625		 | 0.0030439661		 | 1.02
 626		 | 0.0031018187		 | 0.98
 627		 | 0.0030422334		 | 1.02
 628		 | 0.0029805993		 | 1.02
 629		 | 0.0029657674		 | 1.01
 630		 | 0.0029442199		 | 1.01
 631		 | 0.0029382616		 | 1.00
 632		 | 0.0029238498		 | 1.00
 633		 | 0.0029227067		 | 1.00
 634		 | 0.0028949532		 | 1.01
 635		 | 0.0029123585		 | 0.99
 636		 | 0.0028357755		 | 1.03
 637		 | 0.0028417704		 | 1.00
 638		 | 0.0028639129		 | 0.99
 639		 | 0.0028069089		 | 1.02
 640		 | 0.0027744201		 | 1.01
 641		 | 0.0027101491		 | 1.02
 642		 | 0.0026992380		 | 1.00
 643		 | 0.0027120625		 | 1.00
 644		 | 0.0027967829		 | 0.97
 645		 | 0.0027966724		 | 1.00
 646		 | 0.0027413884		 | 1.02
 647		 | 0.0026870215		 | 1.02
 648		 | 0.0027091574		 | 0.99
 649		 | 0.0026881876		 | 1.01
 650		 | 0.0026357066		 | 1.02
 651		 | 0.0026191042		 | 1.01
 652		 | 0.0025947688		 | 1.01
 653		 | 0.0025821989		 | 1.00
 654		 | 0.0026269337		 | 0.98
 655		 | 0.0026421459		 | 0.99
 656		 | 0.0026070751		 | 1.01
 657		 | 0.0025398634		 | 1.03
 658		 | 0.0025647966		 | 0.99
 659		 | 0.0025626915		 | 1.00
 660		 | 0.0025524760		 | 1.00
 661		 | 0.0025214727		 | 1.01
 662		 | 0.0026002224		 | 0.97
 663		 | 0.0025306422		 | 1.03
 664		 | 0.0024888354		 | 1.02
 665		 | 0.0025026119		 | 0.99
 666		 | 0.0024814747		 | 1.01
 667		 | 0.0025397327		 | 0.98
 668		 | 0.0025307578		 | 1.00
 669		 | 0.0025218935		 | 1.00
 670		 | 0.0024921738		 | 1.01
 671		 | 0.0024415215		 | 1.02
 672		 | 0.0023866623		 | 1.02
 673		 | 0.0023972299		 | 1.00
 674		 | 0.0024247904		 | 0.99
 675		 | 0.0024133495		 | 1.00
 676		 | 0.0024396229		 | 0.99
 677		 | 0.0024205333		 | 1.01
 678		 | 0.0024062864		 | 1.01
 679		 | 0.0023828342		 | 1.01
 680		 | 0.0023048259		 | 1.03
 681		 | 0.0023132476		 | 1.00
 682		 | 0.0023528400		 | 0.98
 683		 | 0.0023322917		 | 1.01
 684		 | 0.0022889688		 | 1.02
 685		 | 0.0023011584		 | 0.99
 686		 | 0.0023079565		 | 1.00
 687		 | 0.0023163849		 | 1.00
 688		 | 0.0022908441		 | 1.01
 689		 | 0.0022571587		 | 1.01
 690		 | 0.0022240690		 | 1.01
 691		 | 0.0021209703		 | 1.05
 692		 | 0.0022008577		 | 0.96
 693		 | 0.0022800885		 | 0.97
 694		 | 0.0021995313		 | 1.04
 695		 | 0.0022058831		 | 1.00
 696		 | 0.0021976931		 | 1.00
 697		 | 0.0021490209		 | 1.02
 698		 | 0.0021346758		 | 1.01
 699		 | 0.0021887930		 | 0.98
 700		 | 0.0021945121		 | 1.00
 701		 | 0.0020948636		 | 1.05
 702		 | 0.0021139786		 | 0.99
 703		 | 0.0021052696		 | 1.00
 704		 | 0.0020621285		 | 1.02
 705		 | 0.0020871598		 | 0.99
 706		 | 0.0021646466		 | 0.96
 707		 | 0.0021179443		 | 1.02
 708		 | 0.0020605412		 | 1.03
 709		 | 0.0020346512		 | 1.01
 710		 | 0.0020440421		 | 1.00
 711		 | 0.0020261484		 | 1.01
 712		 | 0.0020132567		 | 1.01
 713		 | 0.0020498769		 | 0.98
 714		 | 0.0020589705		 | 1.00
 715		 | 0.0019540739		 | 1.05
 716		 | 0.0019694717		 | 0.99
 717		 | 0.0019850832		 | 0.99
 718		 | 0.0019736382		 | 1.01
 719		 | 0.0019848862		 | 0.99
 720		 | 0.0020005199		 | 0.99
 721		 | 0.0019657978		 | 1.02
 722		 | 0.0018709024		 | 1.05
 723		 | 0.0018668764		 | 1.00
 724		 | 0.0018897386		 | 0.99
 725		 | 0.0019312056		 | 0.98
 726		 | 0.0018492820		 | 1.04
 727		 | 0.0019170378		 | 0.96
 728		 | 0.0019139067		 | 1.00
 729		 | 0.0018159970		 | 1.05
 730		 | 0.0018500268		 | 0.98
 731		 | 0.0018579054		 | 1.00
 732		 | 0.0018566185		 | 1.00
 733		 | 0.0017489689		 | 1.06
 734		 | 0.0018164217		 | 0.96
 735		 | 0.0018484811		 | 0.98
 736		 | 0.0018338623		 | 1.01
 737		 | 0.0018781456		 | 0.98
 738		 | 0.0018157566		 | 1.03
 739		 | 0.0017377764		 | 1.04
 740		 | 0.0017453843		 | 1.00
 741		 | 0.0017382815		 | 1.00
 742		 | 0.0017580458		 | 0.99
 743		 | 0.0017791899		 | 0.99
 744		 | 0.0018044649		 | 0.99
 745		 | 0.0017414282		 | 1.04
 746		 | 0.0016950582		 | 1.03
 747		 | 0.0017249581		 | 0.98
 748		 | 0.0016913591		 | 1.02
 749		 | 0.0017501589		 | 0.97
 750		 | 0.0017546972		 | 1.00
 751		 | 0.0017321579		 | 1.01
 752		 | 0.0016866213		 | 1.03
 753		 | 0.0016558891		 | 1.02
 754		 | 0.0016722563		 | 0.99
 755		 | 0.0016853335		 | 0.99
 756		 | 0.0016616989		 | 1.01
 757		 | 0.0016572320		 | 1.00
 758		 | 0.0016289216		 | 1.02
 759		 | 0.0016163192		 | 1.01
 760		 | 0.0016584143		 | 0.97
 761		 | 0.0016525610		 | 1.00
 762		 | 0.0015905280		 | 1.04
 763		 | 0.0015806587		 | 1.01
 764		 | 0.0015850091		 | 1.00
 765		 | 0.0015110789		 | 1.05
 766		 | 0.0015673148		 | 0.96
 767		 | 0.0016046799		 | 0.98
 768		 | 0.0015976329		 | 1.00
 769		 | 0.0015423022		 | 1.04
 770		 | 0.0015718332		 | 0.98
 771		 | 0.0015200651		 | 1.03
 772		 | 0.0014477280		 | 1.05
 773		 | 0.0014609282		 | 0.99
 774		 | 0.0014842098		 | 0.98
 775		 | 0.0014991847		 | 0.99
 776		 | 0.0014927784		 | 1.00
 777		 | 0.0014793209		 | 1.01
 778		 | 0.0014811851		 | 1.00
 779		 | 0.0014640224		 | 1.01
 780		 | 0.0014792686		 | 0.99
 781		 | 0.0014440363		 | 1.02
 782		 | 0.0014068721		 | 1.03
 783		 | 0.0014192454		 | 0.99
 784		 | 0.0014038459		 | 1.01
 785		 | 0.0014409590		 | 0.97
 786		 | 0.0014467103		 | 1.00
 787		 | 0.0014414573		 | 1.00
 788		 | 0.0013893634		 | 1.04
 789		 | 0.0014092654		 | 0.99
 790		 | 0.0014106133		 | 1.00
 791		 | 0.0013848968		 | 1.02
 792		 | 0.0013807303		 | 1.00
 793		 | 0.0013802581		 | 1.00
 794		 | 0.0013782313		 | 1.00
 795		 | 0.0013829177		 | 1.00
 796		 | 0.0013781911		 | 1.00
 797		 | 0.0013508071		 | 1.02
 798		 | 0.0013738074		 | 0.98
 799		 | 0.0013746158		 | 1.00
 800		 | 0.0013700269		 | 1.00
 801		 | 0.0013536459		 | 1.01
 802		 | 0.0013248391		 | 1.02
 803		 | 0.0013329223		 | 0.99
 804		 | 0.0013355318		 | 1.00
 805		 | 0.0012976940		 | 1.03
 806		 | 0.0012838848		 | 1.01
 807		 | 0.0012950819		 | 0.99
 808		 | 0.0012776252		 | 1.01
 809		 | 0.0013145255		 | 0.97
 810		 | 0.0013151489		 | 1.00
 811		 | 0.0012898883		 | 1.02
 812		 | 0.0012174239		 | 1.06
 813		 | 0.0012218294		 | 1.00
 814		 | 0.0012404531		 | 0.98
 815		 | 0.0012290217		 | 1.01
 816		 | 0.0012038577		 | 1.02
 817		 | 0.0012540836		 | 0.96
 818		 | 0.0012237006		 | 1.02
 819		 | 0.0012392446		 | 0.99
 820		 | 0.0012076346		 | 1.03
 821		 | 0.0011733529		 | 1.03
 822		 | 0.0011697023		 | 1.00
 823		 | 0.0011451391		 | 1.02
 824		 | 0.0011677698		 | 0.98
 825		 | 0.0011537689		 | 1.01
 826		 | 0.0011427636		 | 1.01
 827		 | 0.0011275895		 | 1.01
 828		 | 0.0011322422		 | 1.00
 829		 | 0.0011753365		 | 0.96
 830		 | 0.0011080163		 | 1.06
 831		 | 0.0011174272		 | 0.99
 832		 | 0.0011068718		 | 1.01
 833		 | 0.0010876629		 | 1.02
 834		 | 0.0010763987		 | 1.01
 835		 | 0.0011090783		 | 0.97
 836		 | 0.0010953408		 | 1.01
 837		 | 0.0010476929		 | 1.05
 838		 | 0.0010600053		 | 0.99
 839		 | 0.0011099460		 | 0.96
 840		 | 0.0011062660		 | 1.00
 841		 | 0.0010447282		 | 1.06
 842		 | 0.0010616696		 | 0.98
 843		 | 0.0010495735		 | 1.01
 844		 | 0.0010260790		 | 1.02
 845		 | 0.0010221060		 | 1.00
 846		 | 0.0010028302		 | 1.02
 847		 | 0.0010094130		 | 0.99
 848		 | 0.0010034536		 | 1.01
 849		 | 0.0009948863		 | 1.01
 850		 | 0.0010081514		 | 0.99
 851		 | 0.0010556789		 | 0.95
 852		 | 0.0009929018		 | 1.06
 853		 | 0.0009704193		 | 1.02
 854		 | 0.0009659334		 | 1.00
 855		 | 0.0009391758		 | 1.03
 856		 | 0.0009320961		 | 1.01
 857		 | 0.0009759651		 | 0.96
 858		 | 0.0009679123		 | 1.01
 859		 | 0.0009704372		 | 1.00
 860		 | 0.0009826304		 | 0.99
 861		 | 0.0009736873		 | 1.01
 862		 | 0.0009128385		 | 1.07
 863		 | 0.0009237003		 | 0.99
 864		 | 0.0009229827		 | 1.00
 865		 | 0.0009081764		 | 1.02
 866		 | 0.0009121170		 | 1.00
 867		 | 0.0009105684		 | 1.00
 868		 | 0.0008923219		 | 1.02
 869		 | 0.0008986988		 | 0.99
 870		 | 0.0009359999		 | 0.96
 871		 | 0.0008844909		 | 1.06
 872		 | 0.0008782892		 | 1.01
 873		 | 0.0008764115		 | 1.00
 874		 | 0.0008671218		 | 1.01
 875		 | 0.0008394719		 | 1.03
 876		 | 0.0008420666		 | 1.00
 877		 | 0.0008690694		 | 0.97
 878		 | 0.0008275243		 | 1.05
 879		 | 0.0008101537		 | 1.02
 880		 | 0.0008634883		 | 0.94
 881		 | 0.0008272948		 | 1.04
 882		 | 0.0007926533		 | 1.04
 883		 | 0.0008296420		 | 0.96
 884		 | 0.0007913601		 | 1.05
 885		 | 0.0007913699		 | 1.00
 886		 | 0.0007927317		 | 1.00
 887		 | 0.0007745359		 | 1.02
 888		 | 0.0007517860		 | 1.03
 889		 | 0.0007611944		 | 0.99
 890		 | 0.0007737107		 | 0.98
 891		 | 0.0007818587		 | 0.99
 892		 | 0.0007604919		 | 1.03
 893		 | 0.0007330435		 | 1.04
 894		 | 0.0007273713		 | 1.01
 895		 | 0.0007229841		 | 1.01
 896		 | 0.0007115671		 | 1.02
 897		 | 0.0007015072		 | 1.01
 898		 | 0.0006874326		 | 1.02
 899		 | 0.0007120661		 | 0.97
 900		 | 0.0007093528		 | 1.00
 901		 | 0.0007423785		 | 0.96
 902		 | 0.0006947660		 | 1.07
 903		 | 0.0007021234		 | 0.99
 904		 | 0.0006588623		 | 1.07
 905		 | 0.0006798336		 | 0.97
 906		 | 0.0006558143		 | 1.04
 907		 | 0.0006726230		 | 0.98
 908		 | 0.0006627128		 | 1.01
 909		 | 0.0006484576		 | 1.02
 910		 | 0.0006697986		 | 0.97
 911		 | 0.0006562465		 | 1.02
 912		 | 0.0006619722		 | 0.99
 913		 | 0.0006459156		 | 1.02
 914		 | 0.0006427011		 | 1.01
 915		 | 0.0006172895		 | 1.04
 916		 | 0.0006202345		 | 1.00
 917		 | 0.0006185782		 | 1.00
 918		 | 0.0006336545		 | 0.98
 919		 | 0.0006283553		 | 1.01
 920		 | 0.0006308656		 | 1.00
 921		 | 0.0006386359		 | 0.99
 922		 | 0.0006179553		 | 1.03
 923		 | 0.0006303600		 | 0.98
 924		 | 0.0005975389		 | 1.05
 925		 | 0.0005746807		 | 1.04
 926		 | 0.0006295730		 | 0.91
 927		 | 0.0005688899		 | 1.11
 928		 | 0.0005669522		 | 1.00
 929		 | 0.0005952704		 | 0.95
 930		 | 0.0005869031		 | 1.01
 931		 | 0.0005721725		 | 1.03
 932		 | 0.0006025156		 | 0.95
 933		 | 0.0005601541		 | 1.08
 934		 | 0.0005466010		 | 1.02
 935		 | 0.0005388798		 | 1.01
 936		 | 0.0005400237		 | 1.00
 937		 | 0.0004981209		 | 1.08
 938		 | 0.0005186969		 | 0.96
 939		 | 0.0005088208		 | 1.02
 940		 | 0.0005021402		 | 1.01
 941		 | 0.0004993254		 | 1.01
 942		 | 0.0005356819		 | 0.93
 943		 | 0.0005013246		 | 1.07
 944		 | 0.0004787617		 | 1.05
 945		 | 0.0004704772		 | 1.02
 946		 | 0.0004684328		 | 1.00
 947		 | 0.0004654484		 | 1.01
 948		 | 0.0004622801		 | 1.01
 949		 | 0.0004308584		 | 1.07
 950		 | 0.0004400849		 | 0.98
 951		 | 0.0004395594		 | 1.00
 952		 | 0.0004508937		 | 0.97
 953		 | 0.0004403545		 | 1.02
 954		 | 0.0004101522		 | 1.07
 955		 | 0.0004430091		 | 0.93
 956		 | 0.0004083224		 | 1.08
 957		 | 0.0004057193		 | 1.01
 958		 | 0.0003923170		 | 1.03
 959		 | 0.0004181235		 | 0.94
 960		 | 0.0003871977		 | 1.08
 961		 | 0.0003996498		 | 0.97
 962		 | 0.0004190470		 | 0.95
 963		 | 0.0003876597		 | 1.08
 964		 | 0.0003765618		 | 1.03
 965		 | 0.0003765035		 | 1.00
 966		 | 0.0003769347		 | 1.00
 967		 | 0.0003673533		 | 1.03
 968		 | 0.0003774708		 | 0.97
 969		 | 0.0003378245		 | 1.12
 970		 | 0.0003384941		 | 1.00
 971		 | 0.0003650617		 | 0.93
 972		 | 0.0003610301		 | 1.01
 973		 | 0.0003560536		 | 1.01
 974		 | 0.0003484975		 | 1.02
 975		 | 0.0003457707		 | 1.01
 976		 | 0.0003303518		 | 1.05
 977		 | 0.0003262474		 | 1.01
 978		 | 0.0003265541		 | 1.00
 979		 | 0.0003237633		 | 1.01
 980		 | 0.0003243519		 | 1.00
 981		 | 0.0003353566		 | 0.97
 982		 | 0.0003419940		 | 0.98
 983		 | 0.0003148674		 | 1.09
 984		 | 0.0003120283		 | 1.01
 985		 | 0.0003289770		 | 0.95
 986		 | 0.0003116089		 | 1.06
 987		 | 0.0003043635		 | 1.02
 988		 | 0.0003196133		 | 0.95
 989		 | 0.0002870736		 | 1.11
 990		 | 0.0002740730		 | 1.05
 991		 | 0.0002905306		 | 0.94
 992		 | 0.0002786478		 | 1.04
 993		 | 0.0002823899		 | 0.99
 994		 | 0.0002905728		 | 0.97
 995		 | 0.0002657849		 | 1.09
 996		 | 0.0002725489		 | 0.98
 997		 | 0.0002505514		 | 1.09
 998		 | 0.0002459224		 | 1.02
 999		 | 0.0002342129		 | 1.05
1000		 | 0.0002362981		 | 0.99