Resize Kernel: Bicubic b 0.33 c 0.33
Native resolution(s) (best guess): 973p, 946p, 995p, 926p
Please check the graph manually for more accurate results

Raw data:
Resolution	 | Relative Error	 | Relative difference from last
 500		 | 0.0049652010		 | 0.00
 501		 | 0.0049472541		 | 1.00
 502		 | 0.0049366250		 | 1.00
 503		 | 0.0049045909		 | 1.01
 504		 | 0.0049272831		 | 1.00
 505		 | 0.0049018807		 | 1.01
 506		 | 0.0048565680		 | 1.01
 507		 | 0.0048618702		 | 1.00
 508		 | 0.0048434655		 | 1.00
 509		 | 0.0048342998		 | 1.00
 510		 | 0.0048316253		 | 1.00
 511		 | 0.0048196255		 | 1.00
 512		 | 0.0048013979		 | 1.00
 513		 | 0.0047781773		 | 1.00
 514		 | 0.0047405612		 | 1.01
 515		 | 0.0047194615		 | 1.00
 516		 | 0.0047310775		 | 1.00
 517		 | 0.0047129467		 | 1.00
 518		 | 0.0046938103		 | 1.00
 519		 | 0.0046727405		 | 1.00
 520		 | 0.0046740145		 | 1.00
 521		 | 0.0046525017		 | 1.00
 522		 | 0.0046165585		 | 1.01
 523		 | 0.0046162606		 | 1.00
 524		 | 0.0045656077		 | 1.01
 525		 | 0.0045630445		 | 1.00
 526		 | 0.0045845763		 | 1.00
 527		 | 0.0045465838		 | 1.01
 528		 | 0.0045245616		 | 1.00
 529		 | 0.0044914681		 | 1.01
 530		 | 0.0045113493		 | 1.00
 531		 | 0.0044945050		 | 1.00
 532		 | 0.0044742807		 | 1.00
 533		 | 0.0044737933		 | 1.00
 534		 | 0.0044859378		 | 1.00
 535		 | 0.0044355151		 | 1.01
 536		 | 0.0044122333		 | 1.01
 537		 | 0.0043818318		 | 1.01
 538		 | 0.0043881085		 | 1.00
 539		 | 0.0043704481		 | 1.00
 540		 | 0.0043197121		 | 1.01
 541		 | 0.0043290278		 | 1.00
 542		 | 0.0043197223		 | 1.00
 543		 | 0.0043234054		 | 1.00
 544		 | 0.0042796722		 | 1.01
 545		 | 0.0042827180		 | 1.00
 546		 | 0.0042731669		 | 1.00
 547		 | 0.0042481636		 | 1.01
 548		 | 0.0042436115		 | 1.00
 549		 | 0.0042222743		 | 1.01
 550		 | 0.0041834662		 | 1.01
 551		 | 0.0041949448		 | 1.00
 552		 | 0.0042074088		 | 1.00
 553		 | 0.0041854556		 | 1.01
 554		 | 0.0041607816		 | 1.01
 555		 | 0.0041393066		 | 1.01
 556		 | 0.0041531770		 | 1.00
 557		 | 0.0040907173		 | 1.02
 558		 | 0.0040852200		 | 1.00
 559		 | 0.0040875487		 | 1.00
 560		 | 0.0040862073		 | 1.00
 561		 | 0.0040825398		 | 1.00
 562		 | 0.0040470982		 | 1.01
 563		 | 0.0040479261		 | 1.00
 564		 | 0.0039973292		 | 1.01
 565		 | 0.0040131331		 | 1.00
 566		 | 0.0039495783		 | 1.02
 567		 | 0.0039730851		 | 0.99
 568		 | 0.0039327578		 | 1.01
 569		 | 0.0039447700		 | 1.00
 570		 | 0.0039344405		 | 1.00
 571		 | 0.0038841012		 | 1.01
 572		 | 0.0038846175		 | 1.00
 573		 | 0.0038799007		 | 1.00
 574		 | 0.0038873356		 | 1.00
 575		 | 0.0038523821		 | 1.01
 576		 | 0.0038326133		 | 1.01
 577		 | 0.0038152853		 | 1.00
 578		 | 0.0038249614		 | 1.00
 579		 | 0.0038189086		 | 1.00
 580		 | 0.0037858198		 | 1.01
 581		 | 0.0038046078		 | 1.00
 582		 | 0.0037743081		 | 1.01
 583		 | 0.0037764535		 | 1.00
 584		 | 0.0037234569		 | 1.01
 585		 | 0.0037466239		 | 0.99
 586		 | 0.0036958375		 | 1.01
 587		 | 0.0036892825		 | 1.00
 588		 | 0.0036885999		 | 1.00
 589		 | 0.0036655821		 | 1.01
 590		 | 0.0036682155		 | 1.00
 591		 | 0.0036550842		 | 1.00
 592		 | 0.0036424649		 | 1.00
 593		 | 0.0036041651		 | 1.01
 594		 | 0.0036085947		 | 1.00
 595		 | 0.0035911855		 | 1.00
 596		 | 0.0035793519		 | 1.00
 597		 | 0.0035731337		 | 1.00
 598		 | 0.0035416859		 | 1.01
 599		 | 0.0035308154		 | 1.00
 600		 | 0.0035186397		 | 1.00
 601		 | 0.0035074072		 | 1.00
 602		 | 0.0035062551		 | 1.00
 603		 | 0.0035026258		 | 1.00
 604		 | 0.0034929388		 | 1.00
 605		 | 0.0034576057		 | 1.01
 606		 | 0.0034460202		 | 1.00
 607		 | 0.0034389769		 | 1.00
 608		 | 0.0034352316		 | 1.00
 609		 | 0.0034235126		 | 1.00
 610		 | 0.0034080706		 | 1.00
 611		 | 0.0033862394		 | 1.01
 612		 | 0.0033748113		 | 1.00
 613		 | 0.0033535589		 | 1.01
 614		 | 0.0033519320		 | 1.00
 615		 | 0.0033483768		 | 1.00
 616		 | 0.0033369341		 | 1.00
 617		 | 0.0033197930		 | 1.01
 618		 | 0.0033161925		 | 1.00
 619		 | 0.0032677409		 | 1.01
 620		 | 0.0032831108		 | 1.00
 621		 | 0.0032707358		 | 1.00
 622		 | 0.0032744739		 | 1.00
 623		 | 0.0032229902		 | 1.02
 624		 | 0.0032247641		 | 1.00
 625		 | 0.0032476822		 | 0.99
 626		 | 0.0032003981		 | 1.01
 627		 | 0.0032001645		 | 1.00
 628		 | 0.0031604190		 | 1.01
 629		 | 0.0031717027		 | 1.00
 630		 | 0.0031590682		 | 1.00
 631		 | 0.0031624388		 | 1.00
 632		 | 0.0031350202		 | 1.01
 633		 | 0.0031379992		 | 1.00
 634		 | 0.0031287533		 | 1.00
 635		 | 0.0030954031		 | 1.01
 636		 | 0.0031036672		 | 1.00
 637		 | 0.0030692284		 | 1.01
 638		 | 0.0030742134		 | 1.00
 639		 | 0.0030482745		 | 1.01
 640		 | 0.0030458538		 | 1.00
 641		 | 0.0030043911		 | 1.01
 642		 | 0.0030048581		 | 1.00
 643		 | 0.0030351736		 | 0.99
 644		 | 0.0030148556		 | 1.01
 645		 | 0.0030033154		 | 1.00
 646		 | 0.0029728023		 | 1.01
 647		 | 0.0029706038		 | 1.00
 648		 | 0.0029433430		 | 1.01
 649		 | 0.0029360706		 | 1.00
 650		 | 0.0029127354		 | 1.01
 651		 | 0.0029121867		 | 1.00
 652		 | 0.0029425469		 | 0.99
 653		 | 0.0029082359		 | 1.01
 654		 | 0.0028907283		 | 1.01
 655		 | 0.0028740000		 | 1.01
 656		 | 0.0028651069		 | 1.00
 657		 | 0.0028459879		 | 1.01
 658		 | 0.0028289847		 | 1.01
 659		 | 0.0028368823		 | 1.00
 660		 | 0.0028358319		 | 1.00
 661		 | 0.0027987669		 | 1.01
 662		 | 0.0028139187		 | 0.99
 663		 | 0.0027763269		 | 1.01
 664		 | 0.0027847494		 | 1.00
 665		 | 0.0027838791		 | 1.00
 666		 | 0.0027674247		 | 1.01
 667		 | 0.0027429260		 | 1.01
 668		 | 0.0027260234		 | 1.01
 669		 | 0.0027236561		 | 1.00
 670		 | 0.0027169471		 | 1.00
 671		 | 0.0026925783		 | 1.01
 672		 | 0.0027037528		 | 1.00
 673		 | 0.0026897950		 | 1.01
 674		 | 0.0026774234		 | 1.00
 675		 | 0.0026613746		 | 1.01
 676		 | 0.0026342243		 | 1.01
 677		 | 0.0026334436		 | 1.00
 678		 | 0.0026467588		 | 0.99
 679		 | 0.0026118554		 | 1.01
 680		 | 0.0026060223		 | 1.00
 681		 | 0.0025942199		 | 1.00
 682		 | 0.0025905218		 | 1.00
 683		 | 0.0025644020		 | 1.01
 684		 | 0.0025707629		 | 1.00
 685		 | 0.0025579513		 | 1.01
 686		 | 0.0025471304		 | 1.00
 687		 | 0.0025661138		 | 0.99
 688		 | 0.0025348365		 | 1.01
 689		 | 0.0025058437		 | 1.01
 690		 | 0.0024972538		 | 1.00
 691		 | 0.0025091584		 | 1.00
 692		 | 0.0024908959		 | 1.01
 693		 | 0.0024893481		 | 1.00
 694		 | 0.0024920127		 | 1.00
 695		 | 0.0024639112		 | 1.01
 696		 | 0.0024609335		 | 1.00
 697		 | 0.0024449631		 | 1.01
 698		 | 0.0024145961		 | 1.01
 699		 | 0.0024180070		 | 1.00
 700		 | 0.0024063779		 | 1.00
 701		 | 0.0024087226		 | 1.00
 702		 | 0.0023824810		 | 1.01
 703		 | 0.0023869297		 | 1.00
 704		 | 0.0023701074		 | 1.01
 705		 | 0.0023589749		 | 1.00
 706		 | 0.0023658758		 | 1.00
 707		 | 0.0023546763		 | 1.00
 708		 | 0.0023348453		 | 1.01
 709		 | 0.0023273725		 | 1.00
 710		 | 0.0023024387		 | 1.01
 711		 | 0.0022845581		 | 1.01
 712		 | 0.0022932067		 | 1.00
 713		 | 0.0022881013		 | 1.00
 714		 | 0.0022843902		 | 1.00
 715		 | 0.0022840542		 | 1.00
 716		 | 0.0022652325		 | 1.01
 717		 | 0.0022696316		 | 1.00
 718		 | 0.0022306851		 | 1.02
 719		 | 0.0022359675		 | 1.00
 720		 | 0.0022037801		 | 1.01
 721		 | 0.0022196435		 | 0.99
 722		 | 0.0021908451		 | 1.01
 723		 | 0.0021850028		 | 1.00
 724		 | 0.0021880641		 | 1.00
 725		 | 0.0021671884		 | 1.01
 726		 | 0.0021657364		 | 1.00
 727		 | 0.0021587521		 | 1.00
 728		 | 0.0021554702		 | 1.00
 729		 | 0.0021276850		 | 1.01
 730		 | 0.0021359818		 | 1.00
 731		 | 0.0021139780		 | 1.01
 732		 | 0.0020981245		 | 1.01
 733		 | 0.0021084154		 | 1.00
 734		 | 0.0021037917		 | 1.00
 735		 | 0.0020970389		 | 1.00
 736		 | 0.0020982457		 | 1.00
 737		 | 0.0020835983		 | 1.01
 738		 | 0.0020528094		 | 1.01
 739		 | 0.0020540179		 | 1.00
 740		 | 0.0020391670		 | 1.01
 741		 | 0.0020238847		 | 1.01
 742		 | 0.0020350643		 | 0.99
 743		 | 0.0020260081		 | 1.00
 744		 | 0.0020199553		 | 1.00
 745		 | 0.0020026292		 | 1.01
 746		 | 0.0020000957		 | 1.00
 747		 | 0.0019669602		 | 1.02
 748		 | 0.0019767523		 | 1.00
 749		 | 0.0019654465		 | 1.01
 750		 | 0.0019589699		 | 1.00
 751		 | 0.0019411234		 | 1.01
 752		 | 0.0019395511		 | 1.00
 753		 | 0.0019256389		 | 1.01
 754		 | 0.0019245164		 | 1.00
 755		 | 0.0019124490		 | 1.01
 756		 | 0.0019298467		 | 0.99
 757		 | 0.0019055592		 | 1.01
 758		 | 0.0019075148		 | 1.00
 759		 | 0.0019025988		 | 1.00
 760		 | 0.0018650219		 | 1.02
 761		 | 0.0018760628		 | 0.99
 762		 | 0.0018529625		 | 1.01
 763		 | 0.0018579602		 | 1.00
 764		 | 0.0018497965		 | 1.00
 765		 | 0.0018473994		 | 1.00
 766		 | 0.0018372037		 | 1.01
 767		 | 0.0018200180		 | 1.01
 768		 | 0.0018149239		 | 1.00
 769		 | 0.0018072283		 | 1.00
 770		 | 0.0018062423		 | 1.00
 771		 | 0.0017852693		 | 1.01
 772		 | 0.0017844239		 | 1.00
 773		 | 0.0017483090		 | 1.02
 774		 | 0.0017665787		 | 0.99
 775		 | 0.0017592253		 | 1.00
 776		 | 0.0017536546		 | 1.00
 777		 | 0.0017481455		 | 1.00
 778		 | 0.0017383397		 | 1.01
 779		 | 0.0017374601		 | 1.00
 780		 | 0.0017091040		 | 1.02
 781		 | 0.0017070404		 | 1.00
 782		 | 0.0016839029		 | 1.01
 783		 | 0.0017001958		 | 0.99
 784		 | 0.0016812557		 | 1.01
 785		 | 0.0016967341		 | 0.99
 786		 | 0.0016871204		 | 1.01
 787		 | 0.0016699741		 | 1.01
 788		 | 0.0016754709		 | 1.00
 789		 | 0.0016425950		 | 1.02
 790		 | 0.0016471972		 | 1.00
 791		 | 0.0016391747		 | 1.00
 792		 | 0.0016277671		 | 1.01
 793		 | 0.0016266524		 | 1.00
 794		 | 0.0015987249		 | 1.02
 795		 | 0.0015886921		 | 1.01
 796		 | 0.0015995217		 | 0.99
 797		 | 0.0015939819		 | 1.00
 798		 | 0.0015940703		 | 1.00
 799		 | 0.0015753412		 | 1.01
 800		 | 0.0015717175		 | 1.00
 801		 | 0.0015667742		 | 1.00
 802		 | 0.0015476546		 | 1.01
 803		 | 0.0015561060		 | 0.99
 804		 | 0.0015521650		 | 1.00
 805		 | 0.0015397018		 | 1.01
 806		 | 0.0015406901		 | 1.00
 807		 | 0.0015203860		 | 1.01
 808		 | 0.0015038614		 | 1.01
 809		 | 0.0014982457		 | 1.00
 810		 | 0.0014737091		 | 1.02
 811		 | 0.0014878235		 | 0.99
 812		 | 0.0014576304		 | 1.02
 813		 | 0.0014584062		 | 1.00
 814		 | 0.0014741995		 | 0.99
 815		 | 0.0014548630		 | 1.01
 816		 | 0.0014537962		 | 1.00
 817		 | 0.0014448431		 | 1.01
 818		 | 0.0014492592		 | 1.00
 819		 | 0.0014332967		 | 1.01
 820		 | 0.0014208453		 | 1.01
 821		 | 0.0014011869		 | 1.01
 822		 | 0.0013986745		 | 1.00
 823		 | 0.0014023672		 | 1.00
 824		 | 0.0013841977		 | 1.01
 825		 | 0.0013868210		 | 1.00
 826		 | 0.0013794269		 | 1.01
 827		 | 0.0013937734		 | 0.99
 828		 | 0.0013812758		 | 1.01
 829		 | 0.0013697402		 | 1.01
 830		 | 0.0013472284		 | 1.02
 831		 | 0.0013478968		 | 1.00
 832		 | 0.0013485831		 | 1.00
 833		 | 0.0013386299		 | 1.01
 834		 | 0.0013153122		 | 1.02
 835		 | 0.0013060733		 | 1.01
 836		 | 0.0013123630		 | 1.00
 837		 | 0.0012931084		 | 1.01
 838		 | 0.0012950371		 | 1.00
 839		 | 0.0012822366		 | 1.01
 840		 | 0.0012832435		 | 1.00
 841		 | 0.0012941510		 | 0.99
 842		 | 0.0012606147		 | 1.03
 843		 | 0.0012537121		 | 1.01
 844		 | 0.0012411946		 | 1.01
 845		 | 0.0012585482		 | 0.99
 846		 | 0.0012409060		 | 1.01
 847		 | 0.0012325950		 | 1.01
 848		 | 0.0012310281		 | 1.00
 849		 | 0.0012335065		 | 1.00
 850		 | 0.0012175202		 | 1.01
 851		 | 0.0012147565		 | 1.00
 852		 | 0.0011914853		 | 1.02
 853		 | 0.0011936577		 | 1.00
 854		 | 0.0011941574		 | 1.00
 855		 | 0.0011843362		 | 1.01
 856		 | 0.0011665996		 | 1.02
 857		 | 0.0011609082		 | 1.00
 858		 | 0.0011650970		 | 1.00
 859		 | 0.0011661339		 | 1.00
 860		 | 0.0011480175		 | 1.02
 861		 | 0.0011441878		 | 1.00
 862		 | 0.0011307971		 | 1.01
 863		 | 0.0011296258		 | 1.00
 864		 | 0.0011095556		 | 1.02
 865		 | 0.0010965114		 | 1.01
 866		 | 0.0011140824		 | 0.98
 867		 | 0.0011121341		 | 1.00
 868		 | 0.0010927746		 | 1.02
 869		 | 0.0010939443		 | 1.00
 870		 | 0.0010841813		 | 1.01
 871		 | 0.0010653453		 | 1.02
 872		 | 0.0010679570		 | 1.00
 873		 | 0.0010504798		 | 1.02
 874		 | 0.0010423290		 | 1.01
 875		 | 0.0010510091		 | 0.99
 876		 | 0.0010453976		 | 1.01
 877		 | 0.0010253544		 | 1.02
 878		 | 0.0010250159		 | 1.00
 879		 | 0.0010109371		 | 1.01
 880		 | 0.0010204807		 | 0.99
 881		 | 0.0010095767		 | 1.01
 882		 | 0.0009855443		 | 1.02
 883		 | 0.0009741518		 | 1.01
 884		 | 0.0009750853		 | 1.00
 885		 | 0.0009756448		 | 1.00
 886		 | 0.0009699622		 | 1.01
 887		 | 0.0009616660		 | 1.01
 888		 | 0.0009899782		 | 0.97
 889		 | 0.0009605942		 | 1.03
 890		 | 0.0009724752		 | 0.99
 891		 | 0.0009448229		 | 1.03
 892		 | 0.0009435649		 | 1.00
 893		 | 0.0009222912		 | 1.02
 894		 | 0.0009201474		 | 1.00
 895		 | 0.0009045530		 | 1.02
 896		 | 0.0009047798		 | 1.00
 897		 | 0.0009059170		 | 1.00
 898		 | 0.0009042707		 | 1.00
 899		 | 0.0008951124		 | 1.01
 900		 | 0.0008752577		 | 1.02
 901		 | 0.0008762749		 | 1.00
 902		 | 0.0008876958		 | 0.99
 903		 | 0.0008860477		 | 1.00
 904		 | 0.0008595953		 | 1.03
 905		 | 0.0008229599		 | 1.04
 906		 | 0.0008502531		 | 0.97
 907		 | 0.0008185790		 | 1.04
 908		 | 0.0008204474		 | 1.00
 909		 | 0.0008315216		 | 0.99
 910		 | 0.0008359601		 | 0.99
 911		 | 0.0008053919		 | 1.04
 912		 | 0.0008089989		 | 1.00
 913		 | 0.0007939935		 | 1.02
 914		 | 0.0008027765		 | 0.99
 915		 | 0.0008204435		 | 0.98
 916		 | 0.0007873337		 | 1.04
 917		 | 0.0007786982		 | 1.01
 918		 | 0.0007668529		 | 1.02
 919		 | 0.0007761966		 | 0.99
 920		 | 0.0007621581		 | 1.02
 921		 | 0.0007585280		 | 1.00
 922		 | 0.0007410488		 | 1.02
 923		 | 0.0007300419		 | 1.02
 924		 | 0.0007278020		 | 1.00
 925		 | 0.0007317769		 | 0.99
 926		 | 0.0006849174		 | 1.07
 927		 | 0.0007099068		 | 0.96
 928		 | 0.0007113799		 | 1.00
 929		 | 0.0007080664		 | 1.00
 930		 | 0.0007011137		 | 1.01
 931		 | 0.0006902923		 | 1.02
 932		 | 0.0007010472		 | 0.98
 933		 | 0.0006860797		 | 1.02
 934		 | 0.0006597144		 | 1.04
 935		 | 0.0006558398		 | 1.01
 936		 | 0.0006532510		 | 1.00
 937		 | 0.0006622777		 | 0.99
 938		 | 0.0006499688		 | 1.02
 939		 | 0.0006437638		 | 1.01
 940		 | 0.0006346630		 | 1.01
 941		 | 0.0006509179		 | 0.98
 942		 | 0.0006309986		 | 1.03
 943		 | 0.0006274904		 | 1.01
 944		 | 0.0006073636		 | 1.03
 945		 | 0.0006276192		 | 0.97
 946		 | 0.0005784043		 | 1.09
 947		 | 0.0005886189		 | 0.98
 948		 | 0.0005830627		 | 1.01
 949		 | 0.0005488111		 | 1.06
 950		 | 0.0006086748		 | 0.90
 951		 | 0.0005737230		 | 1.06
 952		 | 0.0005655626		 | 1.01
 953		 | 0.0005356981		 | 1.06
 954		 | 0.0005568888		 | 0.96
 955		 | 0.0005381205		 | 1.03
 956		 | 0.0005451036		 | 0.99
 957		 | 0.0005482019		 | 0.99
 958		 | 0.0005323180		 | 1.03
 959		 | 0.0005389910		 | 0.99
 960		 | 0.0005243673		 | 1.03
 961		 | 0.0005447203		 | 0.96
 962		 | 0.0005246656		 | 1.04
 963		 | 0.0005165309		 | 1.02
 964		 | 0.0004971382		 | 1.04
 965		 | 0.0004907069		 | 1.01
 966		 | 0.0004944412		 | 0.99
 967		 | 0.0004860678		 | 1.02
 968		 | 0.0004758641		 | 1.02
 969		 | 0.0004504387		 | 1.06
 970		 | 0.0004590031		 | 0.98
 971		 | 0.0004502208		 | 1.02
 972		 | 0.0004965923		 | 0.91
 973		 | 0.0004415003		 | 1.12
 974		 | 0.0004331409		 | 1.02
 975		 | 0.0004376694		 | 0.99
 976		 | 0.0004139307		 | 1.06
 977		 | 0.0004213814		 | 0.98
 978		 | 0.0004084233		 | 1.03
 979		 | 0.0004191321		 | 0.97
 980		 | 0.0004058016		 | 1.03
 981		 | 0.0003990713		 | 1.02
 982		 | 0.0004063857		 | 0.98
 983		 | 0.0003857897		 | 1.05
 984		 | 0.0003843459		 | 1.00
 985		 | 0.0003989708		 | 0.96
 986		 | 0.0003721838		 | 1.07
 987		 | 0.0003785690		 | 0.98
 988		 | 0.0003564311		 | 1.06
 989		 | 0.0003590557		 | 0.99
 990		 | 0.0003633116		 | 0.99
 991		 | 0.0003476214		 | 1.05
 992		 | 0.0003545121		 | 0.98
 993		 | 0.0003559172		 | 1.00
 994		 | 0.0003496591		 | 1.02
 995		 | 0.0003229441		 | 1.08
 996		 | 0.0003083388		 | 1.05
 997		 | 0.0003000996		 | 1.03
 998		 | 0.0003102569		 | 0.97
 999		 | 0.0003095969		 | 1.00
1000		 | 0.0003127598		 | 0.99