Resize Kernel: Bicubic b 0.33 c 0.33
Native resolution(s) (best guess): 720p, 901p
Please check the graph manually for more accurate results

Raw data:
Resolution	 | Relative Error	 | Relative difference from last
 500		 | 0.0004956607		 | 0.00
 501		 | 0.0004851232		 | 1.02
 502		 | 0.0004812651		 | 1.01
 503		 | 0.0004787956		 | 1.01
 504		 | 0.0004725581		 | 1.01
 505		 | 0.0004793912		 | 0.99
 506		 | 0.0004640326		 | 1.03
 507		 | 0.0004629296		 | 1.00
 508		 | 0.0004633221		 | 1.00
 509		 | 0.0004587939		 | 1.01
 510		 | 0.0004518144		 | 1.02
 511		 | 0.0004550316		 | 0.99
 512		 | 0.0004421234		 | 1.03
 513		 | 0.0004419962		 | 1.00
 514		 | 0.0004340438		 | 1.02
 515		 | 0.0004408870		 | 0.98
 516		 | 0.0004356321		 | 1.01
 517		 | 0.0004283255		 | 1.02
 518		 | 0.0004193692		 | 1.02
 519		 | 0.0004195762		 | 1.00
 520		 | 0.0004142368		 | 1.01
 521		 | 0.0004176594		 | 0.99
 522		 | 0.0004113018		 | 1.02
 523		 | 0.0004045382		 | 1.02
 524		 | 0.0003925288		 | 1.03
 525		 | 0.0003990086		 | 0.98
 526		 | 0.0003957919		 | 1.01
 527		 | 0.0003953399		 | 1.00
 528		 | 0.0003846544		 | 1.03
 529		 | 0.0003875787		 | 0.99
 530		 | 0.0003875182		 | 1.00
 531		 | 0.0003755818		 | 1.03
 532		 | 0.0003756341		 | 1.00
 533		 | 0.0003717307		 | 1.01
 534		 | 0.0003702966		 | 1.00
 535		 | 0.0003709911		 | 1.00
 536		 | 0.0003620995		 | 1.02
 537		 | 0.0003637438		 | 1.00
 538		 | 0.0003613072		 | 1.01
 539		 | 0.0003513806		 | 1.03
 540		 | 0.0003575409		 | 0.98
 541		 | 0.0003515070		 | 1.02
 542		 | 0.0003486270		 | 1.01
 543		 | 0.0003436854		 | 1.01
 544		 | 0.0003459569		 | 0.99
 545		 | 0.0003443820		 | 1.00
 546		 | 0.0003262591		 | 1.06
 547		 | 0.0003355640		 | 0.97
 548		 | 0.0003259126		 | 1.03
 549		 | 0.0003254015		 | 1.00
 550		 | 0.0003162770		 | 1.03
 551		 | 0.0003252887		 | 0.97
 552		 | 0.0003192317		 | 1.02
 553		 | 0.0003167195		 | 1.01
 554		 | 0.0003111387		 | 1.02
 555		 | 0.0003132730		 | 0.99
 556		 | 0.0003124217		 | 1.00
 557		 | 0.0002997013		 | 1.04
 558		 | 0.0003013283		 | 0.99
 559		 | 0.0002908449		 | 1.04
 560		 | 0.0003001223		 | 0.97
 561		 | 0.0002962941		 | 1.01
 562		 | 0.0002860909		 | 1.04
 563		 | 0.0002849387		 | 1.00
 564		 | 0.0002770882		 | 1.03
 565		 | 0.0002709713		 | 1.02
 566		 | 0.0002799779		 | 0.97
 567		 | 0.0002742876		 | 1.02
 568		 | 0.0002710370		 | 1.01
 569		 | 0.0002677331		 | 1.01
 570		 | 0.0002694208		 | 0.99
 571		 | 0.0002583925		 | 1.04
 572		 | 0.0002635081		 | 0.98
 573		 | 0.0002674133		 | 0.99
 574		 | 0.0002673679		 | 1.00
 575		 | 0.0002537183		 | 1.05
 576		 | 0.0002519061		 | 1.01
 577		 | 0.0002554620		 | 0.99
 578		 | 0.0002501155		 | 1.02
 579		 | 0.0002486743		 | 1.01
 580		 | 0.0002477768		 | 1.00
 581		 | 0.0002438742		 | 1.02
 582		 | 0.0002411254		 | 1.01
 583		 | 0.0002422836		 | 1.00
 584		 | 0.0002397676		 | 1.01
 585		 | 0.0002369825		 | 1.01
 586		 | 0.0002357022		 | 1.01
 587		 | 0.0002290514		 | 1.03
 588		 | 0.0002303597		 | 0.99
 589		 | 0.0002293769		 | 1.00
 590		 | 0.0002237206		 | 1.03
 591		 | 0.0002248784		 | 0.99
 592		 | 0.0002247548		 | 1.00
 593		 | 0.0002204331		 | 1.02
 594		 | 0.0002175909		 | 1.01
 595		 | 0.0002104524		 | 1.03
 596		 | 0.0002163358		 | 0.97
 597		 | 0.0002169837		 | 1.00
 598		 | 0.0002085631		 | 1.04
 599		 | 0.0002060683		 | 1.01
 600		 | 0.0002019297		 | 1.02
 601		 | 0.0001998045		 | 1.01
 602		 | 0.0002044052		 | 0.98
 603		 | 0.0002013340		 | 1.02
 604		 | 0.0001986245		 | 1.01
 605		 | 0.0001985128		 | 1.00
 606		 | 0.0001954849		 | 1.02
 607		 | 0.0001920637		 | 1.02
 608		 | 0.0001926603		 | 1.00
 609		 | 0.0001939793		 | 0.99
 610		 | 0.0001894506		 | 1.02
 611		 | 0.0001883232		 | 1.01
 612		 | 0.0001878135		 | 1.00
 613		 | 0.0001865071		 | 1.01
 614		 | 0.0001846329		 | 1.01
 615		 | 0.0001870199		 | 0.99
 616		 | 0.0001855987		 | 1.01
 617		 | 0.0001853994		 | 1.00
 618		 | 0.0001798054		 | 1.03
 619		 | 0.0001784577		 | 1.01
 620		 | 0.0001771526		 | 1.01
 621		 | 0.0001741851		 | 1.02
 622		 | 0.0001769476		 | 0.98
 623		 | 0.0001702600		 | 1.04
 624		 | 0.0001722505		 | 0.99
 625		 | 0.0001742979		 | 0.99
 626		 | 0.0001711318		 | 1.02
 627		 | 0.0001690499		 | 1.01
 628		 | 0.0001648093		 | 1.03
 629		 | 0.0001653302		 | 1.00
 630		 | 0.0001656051		 | 1.00
 631		 | 0.0001630596		 | 1.02
 632		 | 0.0001612080		 | 1.01
 633		 | 0.0001605276		 | 1.00
 634		 | 0.0001610645		 | 1.00
 635		 | 0.0001576645		 | 1.02
 636		 | 0.0001533599		 | 1.03
 637		 | 0.0001482315		 | 1.03
 638		 | 0.0001545079		 | 0.96
 639		 | 0.0001493355		 | 1.03
 640		 | 0.0001454434		 | 1.03
 641		 | 0.0001488062		 | 0.98
 642		 | 0.0001442911		 | 1.03
 643		 | 0.0001377957		 | 1.05
 644		 | 0.0001446248		 | 0.95
 645		 | 0.0001377978		 | 1.05
 646		 | 0.0001351926		 | 1.02
 647		 | 0.0001340467		 | 1.01
 648		 | 0.0001353757		 | 0.99
 649		 | 0.0001312523		 | 1.03
 650		 | 0.0001278503		 | 1.03
 651		 | 0.0001271301		 | 1.01
 652		 | 0.0001323114		 | 0.96
 653		 | 0.0001287826		 | 1.03
 654		 | 0.0001229668		 | 1.05
 655		 | 0.0001298532		 | 0.95
 656		 | 0.0001306863		 | 0.99
 657		 | 0.0001258962		 | 1.04
 658		 | 0.0001228638		 | 1.02
 659		 | 0.0001196749		 | 1.03
 660		 | 0.0001214859		 | 0.99
 661		 | 0.0001216756		 | 1.00
 662		 | 0.0001172703		 | 1.04
 663		 | 0.0001268766		 | 0.92
 664		 | 0.0001230423		 | 1.03
 665		 | 0.0001209595		 | 1.02
 666		 | 0.0001186597		 | 1.02
 667		 | 0.0001164634		 | 1.02
 668		 | 0.0001200139		 | 0.97
 669		 | 0.0001172616		 | 1.02
 670		 | 0.0001179140		 | 0.99
 671		 | 0.0001124670		 | 1.05
 672		 | 0.0001138180		 | 0.99
 673		 | 0.0001128181		 | 1.01
 674		 | 0.0001188719		 | 0.95
 675		 | 0.0001072125		 | 1.11
 676		 | 0.0001096530		 | 0.98
 677		 | 0.0001095597		 | 1.00
 678		 | 0.0001103839		 | 0.99
 679		 | 0.0001051346		 | 1.05
 680		 | 0.0001063650		 | 0.99
 681		 | 0.0001055074		 | 1.01
 682		 | 0.0001018087		 | 1.04
 683		 | 0.0001026529		 | 0.99
 684		 | 0.0001059750		 | 0.97
 685		 | 0.0001035927		 | 1.02
 686		 | 0.0000992655		 | 1.04
 687		 | 0.0000987801		 | 1.00
 688		 | 0.0001055497		 | 0.94
 689		 | 0.0001025365		 | 1.03
 690		 | 0.0000947108		 | 1.08
 691		 | 0.0000963783		 | 0.98
 692		 | 0.0001043321		 | 0.92
 693		 | 0.0001080776		 | 0.97
 694		 | 0.0001004800		 | 1.08
 695		 | 0.0000983806		 | 1.02
 696		 | 0.0000950887		 | 1.03
 697		 | 0.0000930493		 | 1.02
 698		 | 0.0000958733		 | 0.97
 699		 | 0.0001059029		 | 0.91
 700		 | 0.0000994748		 | 1.06
 701		 | 0.0000892411		 | 1.11
 702		 | 0.0000903365		 | 0.99
 703		 | 0.0000965050		 | 0.94
 704		 | 0.0000936867		 | 1.03
 705		 | 0.0000870380		 | 1.08
 706		 | 0.0000895460		 | 0.97
 707		 | 0.0000812784		 | 1.10
 708		 | 0.0000845663		 | 0.96
 709		 | 0.0000759417		 | 1.11
 710		 | 0.0000812971		 | 0.93
 711		 | 0.0000729843		 | 1.11
 712		 | 0.0000733924		 | 0.99
 713		 | 0.0000731947		 | 1.00
 714		 | 0.0000713553		 | 1.03
 715		 | 0.0000710030		 | 1.00
 716		 | 0.0000703778		 | 1.01
 717		 | 0.0000760218		 | 0.93
 718		 | 0.0000660289		 | 1.15
 719		 | 0.0000597756		 | 1.10
 720		 | 0.0000250017		 | 2.39
 721		 | 0.0000792514		 | 0.32
 722		 | 0.0000792973		 | 1.00
 723		 | 0.0000707508		 | 1.12
 724		 | 0.0000663249		 | 1.07
 725		 | 0.0000661717		 | 1.00
 726		 | 0.0000697663		 | 0.95
 727		 | 0.0000707379		 | 0.99
 728		 | 0.0000692385		 | 1.02
 729		 | 0.0000665960		 | 1.04
 730		 | 0.0000700228		 | 0.95
 731		 | 0.0000695367		 | 1.01
 732		 | 0.0000679897		 | 1.02
 733		 | 0.0000785525		 | 0.87
 734		 | 0.0000738228		 | 1.06
 735		 | 0.0000693634		 | 1.06
 736		 | 0.0000747363		 | 0.93
 737		 | 0.0000714439		 | 1.05
 738		 | 0.0000636582		 | 1.12
 739		 | 0.0000700185		 | 0.91
 740		 | 0.0000722974		 | 0.97
 741		 | 0.0000693395		 | 1.04
 742		 | 0.0000695467		 | 1.00
 743		 | 0.0000622335		 | 1.12
 744		 | 0.0000657635		 | 0.95
 745		 | 0.0000670849		 | 0.98
 746		 | 0.0000687373		 | 0.98
 747		 | 0.0000714223		 | 0.96
 748		 | 0.0000623416		 | 1.15
 749		 | 0.0000588097		 | 1.06
 750		 | 0.0000626535		 | 0.94
 751		 | 0.0000616035		 | 1.02
 752		 | 0.0000612233		 | 1.01
 753		 | 0.0000622034		 | 0.98
 754		 | 0.0000611715		 | 1.02
 755		 | 0.0000614358		 | 1.00
 756		 | 0.0000577320		 | 1.06
 757		 | 0.0000595484		 | 0.97
 758		 | 0.0000568242		 | 1.05
 759		 | 0.0000606349		 | 0.94
 760		 | 0.0000595964		 | 1.02
 761		 | 0.0000516859		 | 1.15
 762		 | 0.0000568989		 | 0.91
 763		 | 0.0000569410		 | 1.00
 764		 | 0.0000568980		 | 1.00
 765		 | 0.0000539031		 | 1.06
 766		 | 0.0000563216		 | 0.96
 767		 | 0.0000528538		 | 1.07
 768		 | 0.0000536342		 | 0.99
 769		 | 0.0000502488		 | 1.07
 770		 | 0.0000483984		 | 1.04
 771		 | 0.0000519755		 | 0.93
 772		 | 0.0000505255		 | 1.03
 773		 | 0.0000480849		 | 1.05
 774		 | 0.0000475484		 | 1.01
 775		 | 0.0000483766		 | 0.98
 776		 | 0.0000477890		 | 1.01
 777		 | 0.0000471727		 | 1.01
 778		 | 0.0000445332		 | 1.06
 779		 | 0.0000421906		 | 1.06
 780		 | 0.0000424030		 | 0.99
 781		 | 0.0000431485		 | 0.98
 782		 | 0.0000450214		 | 0.96
 783		 | 0.0000456514		 | 0.99
 784		 | 0.0000442970		 | 1.03
 785		 | 0.0000424471		 | 1.04
 786		 | 0.0000448170		 | 0.95
 787		 | 0.0000415181		 | 1.08
 788		 | 0.0000404219		 | 1.03
 789		 | 0.0000427231		 | 0.95
 790		 | 0.0000409317		 | 1.04
 791		 | 0.0000408918		 | 1.00
 792		 | 0.0000404499		 | 1.01
 793		 | 0.0000399389		 | 1.01
 794		 | 0.0000407743		 | 0.98
 795		 | 0.0000412653		 | 0.99
 796		 | 0.0000403729		 | 1.02
 797		 | 0.0000403604		 | 1.00
 798		 | 0.0000393582		 | 1.03
 799		 | 0.0000396808		 | 0.99
 800		 | 0.0000395633		 | 1.00
 801		 | 0.0000388337		 | 1.02
 802		 | 0.0000382267		 | 1.02
 803		 | 0.0000345438		 | 1.11
 804		 | 0.0000384518		 | 0.90
 805		 | 0.0000395381		 | 0.97
 806		 | 0.0000373646		 | 1.06
 807		 | 0.0000374756		 | 1.00
 808		 | 0.0000379577		 | 0.99
 809		 | 0.0000379469		 | 1.00
 810		 | 0.0000339390		 | 1.12
 811		 | 0.0000341820		 | 0.99
 812		 | 0.0000344290		 | 0.99
 813		 | 0.0000375097		 | 0.92
 814		 | 0.0000365159		 | 1.03
 815		 | 0.0000349874		 | 1.04
 816		 | 0.0000352440		 | 0.99
 817		 | 0.0000349536		 | 1.01
 818		 | 0.0000340731		 | 1.03
 819		 | 0.0000350744		 | 0.97
 820		 | 0.0000344841		 | 1.02
 821		 | 0.0000350144		 | 0.98
 822		 | 0.0000364024		 | 0.96
 823		 | 0.0000342664		 | 1.06
 824		 | 0.0000342475		 | 1.00
 825		 | 0.0000349671		 | 0.98
 826		 | 0.0000326971		 | 1.07
 827		 | 0.0000304726		 | 1.07
 828		 | 0.0000325242		 | 0.94
 829		 | 0.0000303597		 | 1.07
 830		 | 0.0000305766		 | 0.99
 831		 | 0.0000315300		 | 0.97
 832		 | 0.0000294934		 | 1.07
 833		 | 0.0000297877		 | 0.99
 834		 | 0.0000290968		 | 1.02
 835		 | 0.0000282771		 | 1.03
 836		 | 0.0000276382		 | 1.02
 837		 | 0.0000278852		 | 0.99
 838		 | 0.0000265434		 | 1.05
 839		 | 0.0000260133		 | 1.02
 840		 | 0.0000255494		 | 1.02
 841		 | 0.0000250203		 | 1.02
 842		 | 0.0000272908		 | 0.92
 843		 | 0.0000265232		 | 1.03
 844		 | 0.0000262286		 | 1.01
 845		 | 0.0000238282		 | 1.10
 846		 | 0.0000240662		 | 0.99
 847		 | 0.0000249177		 | 0.97
 848		 | 0.0000241133		 | 1.03
 849		 | 0.0000230106		 | 1.05
 850		 | 0.0000221086		 | 1.04
 851		 | 0.0000254511		 | 0.87
 852		 | 0.0000229344		 | 1.11
 853		 | 0.0000221317		 | 1.04
 854		 | 0.0000239079		 | 0.93
 855		 | 0.0000242565		 | 0.99
 856		 | 0.0000251199		 | 0.97
 857		 | 0.0000224449		 | 1.12
 858		 | 0.0000214400		 | 1.05
 859		 | 0.0000227091		 | 0.94
 860		 | 0.0000236016		 | 0.96
 861		 | 0.0000220845		 | 1.07
 862		 | 0.0000216814		 | 1.02
 863		 | 0.0000209856		 | 1.03
 864		 | 0.0000210943		 | 0.99
 865		 | 0.0000211238		 | 1.00
 866		 | 0.0000237244		 | 0.89
 867		 | 0.0000225536		 | 1.05
 868		 | 0.0000154610		 | 1.46
 869		 | 0.0000195627		 | 0.79
 870		 | 0.0000189175		 | 1.03
 871		 | 0.0000196751		 | 0.96
 872		 | 0.0000186124		 | 1.06
 873		 | 0.0000189905		 | 0.98
 874		 | 0.0000168965		 | 1.12
 875		 | 0.0000187236		 | 0.90
 876		 | 0.0000170974		 | 1.10
 877		 | 0.0000164881		 | 1.04
 878		 | 0.0000171549		 | 0.96
 879		 | 0.0000168212		 | 1.02
 880		 | 0.0000165533		 | 1.02
 881		 | 0.0000170249		 | 0.97
 882		 | 0.0000156154		 | 1.09
 883		 | 0.0000165946		 | 0.94
 884		 | 0.0000160202		 | 1.04
 885		 | 0.0000178408		 | 0.90
 886		 | 0.0000147184		 | 1.21
 887		 | 0.0000146359		 | 1.01
 888		 | 0.0000150285		 | 0.97
 889		 | 0.0000144343		 | 1.04
 890		 | 0.0000147538		 | 0.98
 891		 | 0.0000154990		 | 0.95
 892		 | 0.0000140801		 | 1.10
 893		 | 0.0000143900		 | 0.98
 894		 | 0.0000163856		 | 0.88
 895		 | 0.0000176707		 | 0.93
 896		 | 0.0000171902		 | 1.03
 897		 | 0.0000159249		 | 1.08
 898		 | 0.0000158203		 | 1.01
 899		 | 0.0000146309		 | 1.08
 900		 | 0.0000221851		 | 0.66
 901		 | 0.0000132081		 | 1.68
 902		 | 0.0000146988		 | 0.90
 903		 | 0.0000146859		 | 1.00
 904		 | 0.0000150121		 | 0.98
 905		 | 0.0000168897		 | 0.89
 906		 | 0.0000124910		 | 1.35
 907		 | 0.0000118680		 | 1.05
 908		 | 0.0000111246		 | 1.07
 909		 | 0.0000130490		 | 0.85
 910		 | 0.0000108512		 | 1.20
 911		 | 0.0000122486		 | 0.89
 912		 | 0.0000110701		 | 1.11
 913		 | 0.0000098795		 | 1.12
 914		 | 0.0000111133		 | 0.89
 915		 | 0.0000119739		 | 0.93
 916		 | 0.0000110232		 | 1.09
 917		 | 0.0000102338		 | 1.08
 918		 | 0.0000094100		 | 1.09
 919		 | 0.0000090231		 | 1.04
 920		 | 0.0000093681		 | 0.96
 921		 | 0.0000100216		 | 0.93
 922		 | 0.0000086983		 | 1.15
 923		 | 0.0000095390		 | 0.91
 924		 | 0.0000088002		 | 1.08
 925		 | 0.0000096643		 | 0.91
 926		 | 0.0000089773		 | 1.08
 927		 | 0.0000087189		 | 1.03
 928		 | 0.0000095787		 | 0.91
 929		 | 0.0000091053		 | 1.05
 930		 | 0.0000085283		 | 1.07
 931		 | 0.0000080282		 | 1.06
 932		 | 0.0000064365		 | 1.25
 933		 | 0.0000093099		 | 0.69
 934		 | 0.0000105638		 | 0.88
 935		 | 0.0000078178		 | 1.35
 936		 | 0.0000073969		 | 1.06
 937		 | 0.0000077895		 | 0.95
 938		 | 0.0000083702		 | 0.93
 939		 | 0.0000084719		 | 0.99
 940		 | 0.0000083351		 | 1.02
 941		 | 0.0000078848		 | 1.06
 942		 | 0.0000061107		 | 1.29
 943		 | 0.0000082254		 | 0.74
 944		 | 0.0000081518		 | 1.01
 945		 | 0.0000074289		 | 1.10
 946		 | 0.0000074937		 | 0.99
 947		 | 0.0000063731		 | 1.18
 948		 | 0.0000064939		 | 0.98
 949		 | 0.0000059516		 | 1.09
 950		 | 0.0000053192		 | 1.12
 951		 | 0.0000060194		 | 0.88
 952		 | 0.0000056526		 | 1.06
 953		 | 0.0000059167		 | 0.96
 954		 | 0.0000056452		 | 1.05
 955		 | 0.0000046193		 | 1.22
 956		 | 0.0000053834		 | 0.86
 957		 | 0.0000054865		 | 0.98
 958		 | 0.0000051229		 | 1.07
 959		 | 0.0000042473		 | 1.21
 960		 | 0.0000032059		 | 1.32
 961		 | 0.0000040116		 | 0.80
 962		 | 0.0000049930		 | 0.80
 963		 | 0.0000048813		 | 1.02
 964		 | 0.0000047107		 | 1.04
 965		 | 0.0000044185		 | 1.07
 966		 | 0.0000044231		 | 1.00
 967		 | 0.0000048750		 | 0.91
 968		 | 0.0000035129		 | 1.39
 969		 | 0.0000054742		 | 0.64
 970		 | 0.0000041796		 | 1.31
 971		 | 0.0000044113		 | 0.95
 972		 | 0.0000047561		 | 0.93
 973		 | 0.0000037559		 | 1.27
 974		 | 0.0000048804		 | 0.77
 975		 | 0.0000052148		 | 0.94
 976		 | 0.0000050527		 | 1.03
 977		 | 0.0000044969		 | 1.12
 978		 | 0.0000042576		 | 1.06
 979		 | 0.0000047411		 | 0.90
 980		 | 0.0000039805		 | 1.19
 981		 | 0.0000040747		 | 0.98
 982		 | 0.0000038016		 | 1.07
 983		 | 0.0000034834		 | 1.09
 984		 | 0.0000034643		 | 1.01
 985		 | 0.0000033252		 | 1.04
 986		 | 0.0000032638		 | 1.02
 987		 | 0.0000035151		 | 0.93
 988		 | 0.0000029551		 | 1.19
 989		 | 0.0000030531		 | 0.97
 990		 | 0.0000028022		 | 1.09
 991		 | 0.0000033521		 | 0.84
 992		 | 0.0000029244		 | 1.15
 993		 | 0.0000028732		 | 1.02
 994		 | 0.0000030135		 | 0.95
 995		 | 0.0000030265		 | 1.00
 996		 | 0.0000026380		 | 1.15
 997		 | 0.0000021913		 | 1.20
 998		 | 0.0000021294		 | 1.03
 999		 | 0.0000022878		 | 0.93
1000		 | 0.0000021852		 | 1.05