Resize Kernel: Bicubic b 0.33 c 0.33
Native resolution(s) (best guess): 956p
Please check the graph manually for more accurate results

Raw data:
Resolution	 | Relative Error	 | Relative difference from last
 500		 | 0.0020804600		 | 0.00
 501		 | 0.0020450080		 | 1.02
 502		 | 0.0020162213		 | 1.01
 503		 | 0.0020335549		 | 0.99
 504		 | 0.0020104751		 | 1.01
 505		 | 0.0019758925		 | 1.02
 506		 | 0.0019804331		 | 1.00
 507		 | 0.0019802589		 | 1.00
 508		 | 0.0019609639		 | 1.01
 509		 | 0.0019521893		 | 1.00
 510		 | 0.0019363855		 | 1.01
 511		 | 0.0019230482		 | 1.01
 512		 | 0.0018874044		 | 1.02
 513		 | 0.0019186257		 | 0.98
 514		 | 0.0018910190		 | 1.01
 515		 | 0.0018585053		 | 1.02
 516		 | 0.0018719569		 | 0.99
 517		 | 0.0018428475		 | 1.02
 518		 | 0.0018290172		 | 1.01
 519		 | 0.0018473913		 | 0.99
 520		 | 0.0018196037		 | 1.02
 521		 | 0.0017833485		 | 1.02
 522		 | 0.0017934792		 | 0.99
 523		 | 0.0017922742		 | 1.00
 524		 | 0.0017793877		 | 1.01
 525		 | 0.0017545106		 | 1.01
 526		 | 0.0017542133		 | 1.00
 527		 | 0.0017458293		 | 1.00
 528		 | 0.0017242285		 | 1.01
 529		 | 0.0017234409		 | 1.00
 530		 | 0.0017166303		 | 1.00
 531		 | 0.0016847643		 | 1.02
 532		 | 0.0016814838		 | 1.00
 533		 | 0.0016808116		 | 1.00
 534		 | 0.0016703424		 | 1.01
 535		 | 0.0016479079		 | 1.01
 536		 | 0.0016406856		 | 1.00
 537		 | 0.0016427915		 | 1.00
 538		 | 0.0016363916		 | 1.00
 539		 | 0.0015950833		 | 1.03
 540		 | 0.0016210760		 | 0.98
 541		 | 0.0015853134		 | 1.02
 542		 | 0.0015904392		 | 1.00
 543		 | 0.0015820207		 | 1.01
 544		 | 0.0015675454		 | 1.01
 545		 | 0.0015491656		 | 1.01
 546		 | 0.0015230762		 | 1.02
 547		 | 0.0015514183		 | 0.98
 548		 | 0.0015138228		 | 1.02
 549		 | 0.0015147801		 | 1.00
 550		 | 0.0014946190		 | 1.01
 551		 | 0.0014911462		 | 1.00
 552		 | 0.0014724993		 | 1.01
 553		 | 0.0014808916		 | 0.99
 554		 | 0.0014702656		 | 1.01
 555		 | 0.0014516979		 | 1.01
 556		 | 0.0014506184		 | 1.00
 557		 | 0.0014324331		 | 1.01
 558		 | 0.0014183748		 | 1.01
 559		 | 0.0014100590		 | 1.01
 560		 | 0.0014102744		 | 1.00
 561		 | 0.0014041342		 | 1.00
 562		 | 0.0013900147		 | 1.01
 563		 | 0.0013801460		 | 1.01
 564		 | 0.0013708630		 | 1.01
 565		 | 0.0013587715		 | 1.01
 566		 | 0.0013562692		 | 1.00
 567		 | 0.0013436948		 | 1.01
 568		 | 0.0013389367		 | 1.00
 569		 | 0.0013272991		 | 1.01
 570		 | 0.0013160500		 | 1.01
 571		 | 0.0013226081		 | 1.00
 572		 | 0.0013009720		 | 1.02
 573		 | 0.0012954653		 | 1.00
 574		 | 0.0012809993		 | 1.01
 575		 | 0.0012751625		 | 1.00
 576		 | 0.0012684699		 | 1.01
 577		 | 0.0012541134		 | 1.01
 578		 | 0.0012537027		 | 1.00
 579		 | 0.0012474312		 | 1.01
 580		 | 0.0012484728		 | 1.00
 581		 | 0.0012212127		 | 1.02
 582		 | 0.0012244666		 | 1.00
 583		 | 0.0012058356		 | 1.02
 584		 | 0.0012079096		 | 1.00
 585		 | 0.0012045363		 | 1.00
 586		 | 0.0011839128		 | 1.02
 587		 | 0.0011715986		 | 1.01
 588		 | 0.0011747691		 | 1.00
 589		 | 0.0011610004		 | 1.01
 590		 | 0.0011436656		 | 1.02
 591		 | 0.0011539657		 | 0.99
 592		 | 0.0011427758		 | 1.01
 593		 | 0.0011234522		 | 1.02
 594		 | 0.0011214773		 | 1.00
 595		 | 0.0011234851		 | 1.00
 596		 | 0.0011102316		 | 1.01
 597		 | 0.0010887560		 | 1.02
 598		 | 0.0010975216		 | 0.99
 599		 | 0.0010946540		 | 1.00
 600		 | 0.0010878548		 | 1.01
 601		 | 0.0010671035		 | 1.02
 602		 | 0.0010579945		 | 1.01
 603		 | 0.0010529731		 | 1.00
 604		 | 0.0010466202		 | 1.01
 605		 | 0.0010423285		 | 1.00
 606		 | 0.0010400422		 | 1.00
 607		 | 0.0010316565		 | 1.01
 608		 | 0.0010243277		 | 1.01
 609		 | 0.0010229563		 | 1.00
 610		 | 0.0010074639		 | 1.02
 611		 | 0.0010099569		 | 1.00
 612		 | 0.0010072728		 | 1.00
 613		 | 0.0009762927		 | 1.03
 614		 | 0.0009905447		 | 0.99
 615		 | 0.0009906272		 | 1.00
 616		 | 0.0009786264		 | 1.01
 617		 | 0.0009522439		 | 1.03
 618		 | 0.0009502365		 | 1.00
 619		 | 0.0009514953		 | 1.00
 620		 | 0.0009480035		 | 1.00
 621		 | 0.0009347726		 | 1.01
 622		 | 0.0009269699		 | 1.01
 623		 | 0.0009272277		 | 1.00
 624		 | 0.0009224920		 | 1.01
 625		 | 0.0009176464		 | 1.01
 626		 | 0.0008998212		 | 1.02
 627		 | 0.0008982178		 | 1.00
 628		 | 0.0008985238		 | 1.00
 629		 | 0.0008827284		 | 1.02
 630		 | 0.0008775839		 | 1.01
 631		 | 0.0008740250		 | 1.00
 632		 | 0.0008621425		 | 1.01
 633		 | 0.0008561879		 | 1.01
 634		 | 0.0008586601		 | 1.00
 635		 | 0.0008535409		 | 1.01
 636		 | 0.0008384585		 | 1.02
 637		 | 0.0008442013		 | 0.99
 638		 | 0.0008307395		 | 1.02
 639		 | 0.0008306774		 | 1.00
 640		 | 0.0008110952		 | 1.02
 641		 | 0.0008220831		 | 0.99
 642		 | 0.0008095066		 | 1.02
 643		 | 0.0008135513		 | 1.00
 644		 | 0.0008004953		 | 1.02
 645		 | 0.0007867495		 | 1.02
 646		 | 0.0007837311		 | 1.00
 647		 | 0.0007823111		 | 1.00
 648		 | 0.0007748523		 | 1.01
 649		 | 0.0007703551		 | 1.01
 650		 | 0.0007625377		 | 1.01
 651		 | 0.0007660099		 | 1.00
 652		 | 0.0007605616		 | 1.01
 653		 | 0.0007496934		 | 1.01
 654		 | 0.0007462211		 | 1.00
 655		 | 0.0007359940		 | 1.01
 656		 | 0.0007348608		 | 1.00
 657		 | 0.0007339779		 | 1.00
 658		 | 0.0007269346		 | 1.01
 659		 | 0.0007071574		 | 1.03
 660		 | 0.0007150936		 | 0.99
 661		 | 0.0007113971		 | 1.01
 662		 | 0.0007007814		 | 1.02
 663		 | 0.0006991886		 | 1.00
 664		 | 0.0006865475		 | 1.02
 665		 | 0.0006865255		 | 1.00
 666		 | 0.0006897741		 | 1.00
 667		 | 0.0006839628		 | 1.01
 668		 | 0.0006649102		 | 1.03
 669		 | 0.0006639092		 | 1.00
 670		 | 0.0006623120		 | 1.00
 671		 | 0.0006664810		 | 0.99
 672		 | 0.0006589547		 | 1.01
 673		 | 0.0006483314		 | 1.02
 674		 | 0.0006467574		 | 1.00
 675		 | 0.0006167119		 | 1.05
 676		 | 0.0006430003		 | 0.96
 677		 | 0.0006287018		 | 1.02
 678		 | 0.0006240407		 | 1.01
 679		 | 0.0006171050		 | 1.01
 680		 | 0.0006240871		 | 0.99
 681		 | 0.0006157324		 | 1.01
 682		 | 0.0006043002		 | 1.02
 683		 | 0.0006032860		 | 1.00
 684		 | 0.0005988846		 | 1.01
 685		 | 0.0006040248		 | 0.99
 686		 | 0.0005848096		 | 1.03
 687		 | 0.0005883705		 | 0.99
 688		 | 0.0005805313		 | 1.01
 689		 | 0.0005755307		 | 1.01
 690		 | 0.0005769692		 | 1.00
 691		 | 0.0005674653		 | 1.02
 692		 | 0.0005654469		 | 1.00
 693		 | 0.0005630873		 | 1.00
 694		 | 0.0005582680		 | 1.01
 695		 | 0.0005564414		 | 1.00
 696		 | 0.0005525862		 | 1.01
 697		 | 0.0005479749		 | 1.01
 698		 | 0.0005406344		 | 1.01
 699		 | 0.0005390920		 | 1.00
 700		 | 0.0005405168		 | 1.00
 701		 | 0.0005329662		 | 1.01
 702		 | 0.0005213074		 | 1.02
 703		 | 0.0005188263		 | 1.00
 704		 | 0.0005231819		 | 0.99
 705		 | 0.0005143413		 | 1.02
 706		 | 0.0005115172		 | 1.01
 707		 | 0.0005143597		 | 0.99
 708		 | 0.0004951657		 | 1.04
 709		 | 0.0005005057		 | 0.99
 710		 | 0.0004990704		 | 1.00
 711		 | 0.0004948927		 | 1.01
 712		 | 0.0004871362		 | 1.02
 713		 | 0.0004831960		 | 1.01
 714		 | 0.0004771700		 | 1.01
 715		 | 0.0004821131		 | 0.99
 716		 | 0.0004735140		 | 1.02
 717		 | 0.0004737861		 | 1.00
 718		 | 0.0004656219		 | 1.02
 719		 | 0.0004668564		 | 1.00
 720		 | 0.0004601875		 | 1.01
 721		 | 0.0004509167		 | 1.02
 722		 | 0.0004532130		 | 0.99
 723		 | 0.0004545773		 | 1.00
 724		 | 0.0004541382		 | 1.00
 725		 | 0.0004418898		 | 1.03
 726		 | 0.0004372640		 | 1.01
 727		 | 0.0004386923		 | 1.00
 728		 | 0.0004324832		 | 1.01
 729		 | 0.0004277109		 | 1.01
 730		 | 0.0004290778		 | 1.00
 731		 | 0.0004235682		 | 1.01
 732		 | 0.0004194882		 | 1.01
 733		 | 0.0004255308		 | 0.99
 734		 | 0.0004122539		 | 1.03
 735		 | 0.0004079286		 | 1.01
 736		 | 0.0004120097		 | 0.99
 737		 | 0.0004067116		 | 1.01
 738		 | 0.0004051190		 | 1.00
 739		 | 0.0004024376		 | 1.01
 740		 | 0.0003947255		 | 1.02
 741		 | 0.0003905664		 | 1.01
 742		 | 0.0003961034		 | 0.99
 743		 | 0.0003902752		 | 1.01
 744		 | 0.0003827853		 | 1.02
 745		 | 0.0003810071		 | 1.00
 746		 | 0.0003808018		 | 1.00
 747		 | 0.0003774311		 | 1.01
 748		 | 0.0003697843		 | 1.02
 749		 | 0.0003707108		 | 1.00
 750		 | 0.0003653117		 | 1.01
 751		 | 0.0003677061		 | 0.99
 752		 | 0.0003675335		 | 1.00
 753		 | 0.0003587314		 | 1.02
 754		 | 0.0003574481		 | 1.00
 755		 | 0.0003539248		 | 1.01
 756		 | 0.0003512441		 | 1.01
 757		 | 0.0003458808		 | 1.02
 758		 | 0.0003474972		 | 1.00
 759		 | 0.0003428146		 | 1.01
 760		 | 0.0003383859		 | 1.01
 761		 | 0.0003335970		 | 1.01
 762		 | 0.0003420913		 | 0.98
 763		 | 0.0003345167		 | 1.02
 764		 | 0.0003256253		 | 1.03
 765		 | 0.0003301038		 | 0.99
 766		 | 0.0003295473		 | 1.00
 767		 | 0.0003275462		 | 1.01
 768		 | 0.0003171924		 | 1.03
 769		 | 0.0003235074		 | 0.98
 770		 | 0.0003169713		 | 1.02
 771		 | 0.0003147005		 | 1.01
 772		 | 0.0003100520		 | 1.01
 773		 | 0.0003076364		 | 1.01
 774		 | 0.0003039961		 | 1.01
 775		 | 0.0003029867		 | 1.00
 776		 | 0.0003032718		 | 1.00
 777		 | 0.0003039305		 | 1.00
 778		 | 0.0003025337		 | 1.00
 779		 | 0.0002951154		 | 1.03
 780		 | 0.0002891492		 | 1.02
 781		 | 0.0002988481		 | 0.97
 782		 | 0.0002931718		 | 1.02
 783		 | 0.0002771705		 | 1.06
 784		 | 0.0002912096		 | 0.95
 785		 | 0.0002781206		 | 1.05
 786		 | 0.0002782606		 | 1.00
 787		 | 0.0002790927		 | 1.00
 788		 | 0.0002707859		 | 1.03
 789		 | 0.0002712176		 | 1.00
 790		 | 0.0002684339		 | 1.01
 791		 | 0.0002729363		 | 0.98
 792		 | 0.0002661721		 | 1.03
 793		 | 0.0002621303		 | 1.02
 794		 | 0.0002606561		 | 1.01
 795		 | 0.0002605564		 | 1.00
 796		 | 0.0002559432		 | 1.02
 797		 | 0.0002642993		 | 0.97
 798		 | 0.0002567816		 | 1.03
 799		 | 0.0002458156		 | 1.04
 800		 | 0.0002496869		 | 0.98
 801		 | 0.0002473655		 | 1.01
 802		 | 0.0002450400		 | 1.01
 803		 | 0.0002430432		 | 1.01
 804		 | 0.0002480277		 | 0.98
 805		 | 0.0002355801		 | 1.05
 806		 | 0.0002471375		 | 0.95
 807		 | 0.0002325521		 | 1.06
 808		 | 0.0002414029		 | 0.96
 809		 | 0.0002401478		 | 1.01
 810		 | 0.0002115984		 | 1.13
 811		 | 0.0002366955		 | 0.89
 812		 | 0.0002249560		 | 1.05
 813		 | 0.0002270364		 | 0.99
 814		 | 0.0002261987		 | 1.00
 815		 | 0.0002236267		 | 1.01
 816		 | 0.0002190512		 | 1.02
 817		 | 0.0002153323		 | 1.02
 818		 | 0.0002155391		 | 1.00
 819		 | 0.0002180692		 | 0.99
 820		 | 0.0002198228		 | 0.99
 821		 | 0.0002035410		 | 1.08
 822		 | 0.0002079199		 | 0.98
 823		 | 0.0002161961		 | 0.96
 824		 | 0.0002043985		 | 1.06
 825		 | 0.0002096255		 | 0.98
 826		 | 0.0001974450		 | 1.06
 827		 | 0.0002031784		 | 0.97
 828		 | 0.0001971898		 | 1.03
 829		 | 0.0001972320		 | 1.00
 830		 | 0.0001986817		 | 0.99
 831		 | 0.0002090169		 | 0.95
 832		 | 0.0001602930		 | 1.30
 833		 | 0.0002007008		 | 0.80
 834		 | 0.0001924288		 | 1.04
 835		 | 0.0001973969		 | 0.97
 836		 | 0.0001779638		 | 1.11
 837		 | 0.0001833063		 | 0.97
 838		 | 0.0001805337		 | 1.02
 839		 | 0.0001897003		 | 0.95
 840		 | 0.0001832856		 | 1.03
 841		 | 0.0001706330		 | 1.07
 842		 | 0.0001820911		 | 0.94
 843		 | 0.0001777924		 | 1.02
 844		 | 0.0001700032		 | 1.05
 845		 | 0.0001700709		 | 1.00
 846		 | 0.0001670009		 | 1.02
 847		 | 0.0001715459		 | 0.97
 848		 | 0.0001659201		 | 1.03
 849		 | 0.0001659009		 | 1.00
 850		 | 0.0001697215		 | 0.98
 851		 | 0.0001635255		 | 1.04
 852		 | 0.0001553606		 | 1.05
 853		 | 0.0001670651		 | 0.93
 854		 | 0.0001542968		 | 1.08
 855		 | 0.0001561701		 | 0.99
 856		 | 0.0001544542		 | 1.01
 857		 | 0.0001563649		 | 0.99
 858		 | 0.0001579192		 | 0.99
 859		 | 0.0001508713		 | 1.05
 860		 | 0.0001526978		 | 0.99
 861		 | 0.0001439272		 | 1.06
 862		 | 0.0001549799		 | 0.93
 863		 | 0.0001461255		 | 1.06
 864		 | 0.0001447285		 | 1.01
 865		 | 0.0001396233		 | 1.04
 866		 | 0.0001509799		 | 0.92
 867		 | 0.0001429779		 | 1.06
 868		 | 0.0001400953		 | 1.02
 869		 | 0.0001320054		 | 1.06
 870		 | 0.0001364547		 | 0.97
 871		 | 0.0001364445		 | 1.00
 872		 | 0.0001334685		 | 1.02
 873		 | 0.0001349430		 | 0.99
 874		 | 0.0001281880		 | 1.05
 875		 | 0.0001295439		 | 0.99
 876		 | 0.0001252949		 | 1.03
 877		 | 0.0001358418		 | 0.92
 878		 | 0.0001222207		 | 1.11
 879		 | 0.0001295377		 | 0.94
 880		 | 0.0001266228		 | 1.02
 881		 | 0.0001190358		 | 1.06
 882		 | 0.0001216399		 | 0.98
 883		 | 0.0001189510		 | 1.02
 884		 | 0.0001173071		 | 1.01
 885		 | 0.0001156131		 | 1.01
 886		 | 0.0001239998		 | 0.93
 887		 | 0.0001134602		 | 1.09
 888		 | 0.0001087234		 | 1.04
 889		 | 0.0001190268		 | 0.91
 890		 | 0.0001133311		 | 1.05
 891		 | 0.0001118072		 | 1.01
 892		 | 0.0001060739		 | 1.05
 893		 | 0.0001135220		 | 0.93
 894		 | 0.0001100220		 | 1.03
 895		 | 0.0001065928		 | 1.03
 896		 | 0.0001044768		 | 1.02
 897		 | 0.0001057914		 | 0.99
 898		 | 0.0000961313		 | 1.10
 899		 | 0.0001029105		 | 0.93
 900		 | 0.0001012979		 | 1.02
 901		 | 0.0001016329		 | 1.00
 902		 | 0.0000987676		 | 1.03
 903		 | 0.0000996940		 | 0.99
 904		 | 0.0000935060		 | 1.07
 905		 | 0.0001003509		 | 0.93
 906		 | 0.0000966956		 | 1.04
 907		 | 0.0000878263		 | 1.10
 908		 | 0.0000987334		 | 0.89
 909		 | 0.0000924985		 | 1.07
 910		 | 0.0000893494		 | 1.04
 911		 | 0.0000815017		 | 1.10
 912		 | 0.0000906732		 | 0.90
 913		 | 0.0000773585		 | 1.17
 914		 | 0.0000874640		 | 0.88
 915		 | 0.0000832126		 | 1.05
 916		 | 0.0000886479		 | 0.94
 917		 | 0.0000768029		 | 1.15
 918		 | 0.0000845597		 | 0.91
 919		 | 0.0000783794		 | 1.08
 920		 | 0.0000865065		 | 0.91
 921		 | 0.0000833558		 | 1.04
 922		 | 0.0000801985		 | 1.04
 923		 | 0.0000796002		 | 1.01
 924		 | 0.0000729105		 | 1.09
 925		 | 0.0000768340		 | 0.95
 926		 | 0.0000731420		 | 1.05
 927		 | 0.0000672353		 | 1.09
 928		 | 0.0000751905		 | 0.89
 929		 | 0.0000692009		 | 1.09
 930		 | 0.0000766970		 | 0.90
 931		 | 0.0000672423		 | 1.14
 932		 | 0.0000732051		 | 0.92
 933		 | 0.0000684235		 | 1.07
 934		 | 0.0000656706		 | 1.04
 935		 | 0.0000694039		 | 0.95
 936		 | 0.0000679713		 | 1.02
 937		 | 0.0000619734		 | 1.10
 938		 | 0.0000693047		 | 0.89
 939		 | 0.0000682098		 | 1.02
 940		 | 0.0000588504		 | 1.16
 941		 | 0.0000610826		 | 0.96
 942		 | 0.0000568593		 | 1.07
 943		 | 0.0000625262		 | 0.91
 944		 | 0.0000603222		 | 1.04
 945		 | 0.0000497014		 | 1.21
 946		 | 0.0000651229		 | 0.76
 947		 | 0.0000544602		 | 1.20
 948		 | 0.0000554050		 | 0.98
 949		 | 0.0000623026		 | 0.89
 950		 | 0.0000498856		 | 1.25
 951		 | 0.0000586951		 | 0.85
 952		 | 0.0000449322		 | 1.31
 953		 | 0.0000552305		 | 0.81
 954		 | 0.0000564899		 | 0.98
 955		 | 0.0000603100		 | 0.94
 956		 | 0.0000108131		 | 5.58
 957		 | 0.0000421210		 | 0.26
 958		 | 0.0000545884		 | 0.77
 959		 | 0.0000527083		 | 1.04
 960		 | 0.0000414906		 | 1.27
 961		 | 0.0000463108		 | 0.90
 962		 | 0.0000471710		 | 0.98
 963		 | 0.0000492355		 | 0.96
 964		 | 0.0000449692		 | 1.09
 965		 | 0.0000417963		 | 1.08
 966		 | 0.0000502022		 | 0.83
 967		 | 0.0000403298		 | 1.24
 968		 | 0.0000410469		 | 0.98
 969		 | 0.0000405219		 | 1.01
 970		 | 0.0000368347		 | 1.10
 971		 | 0.0000390984		 | 0.94
 972		 | 0.0000319023		 | 1.23
 973		 | 0.0000396190		 | 0.81
 974		 | 0.0000401067		 | 0.99
 975		 | 0.0000407010		 | 0.99
 976		 | 0.0000363687		 | 1.12
 977		 | 0.0000368632		 | 0.99
 978		 | 0.0000366050		 | 1.01
 979		 | 0.0000347320		 | 1.05
 980		 | 0.0000320488		 | 1.08
 981		 | 0.0000329093		 | 0.97
 982		 | 0.0000357901		 | 0.92
 983		 | 0.0000303994		 | 1.18
 984		 | 0.0000313290		 | 0.97
 985		 | 0.0000269840		 | 1.16
 986		 | 0.0000368448		 | 0.73
 987		 | 0.0000288796		 | 1.28
 988		 | 0.0000303142		 | 0.95
 989		 | 0.0000313245		 | 0.97
 990		 | 0.0000308106		 | 1.02
 991		 | 0.0000250802		 | 1.23
 992		 | 0.0000296982		 | 0.84
 993		 | 0.0000252634		 | 1.18
 994		 | 0.0000266740		 | 0.95
 995		 | 0.0000234558		 | 1.14
 996		 | 0.0000272504		 | 0.86
 997		 | 0.0000262051		 | 1.04
 998		 | 0.0000224244		 | 1.17
 999		 | 0.0000210064		 | 1.07
1000		 | 0.0000212137		 | 0.99