Resize Kernel: Bicubic b 0.33 c 0.33
Native resolution(s) (best guess): 908p
Please check the graph manually for more accurate results

Raw data:
Resolution	 | Relative Error	 | Relative difference from last
 500		 | 0.0018993119		 | 0.00
 501		 | 0.0018844040		 | 1.01
 502		 | 0.0018524060		 | 1.02
 503		 | 0.0018685326		 | 0.99
 504		 | 0.0018432117		 | 1.01
 505		 | 0.0018290576		 | 1.01
 506		 | 0.0018194355		 | 1.01
 507		 | 0.0018293621		 | 0.99
 508		 | 0.0017876484		 | 1.02
 509		 | 0.0017805264		 | 1.00
 510		 | 0.0017479494		 | 1.02
 511		 | 0.0017613435		 | 0.99
 512		 | 0.0017438293		 | 1.01
 513		 | 0.0017545232		 | 0.99
 514		 | 0.0017357701		 | 1.01
 515		 | 0.0016809341		 | 1.03
 516		 | 0.0016960751		 | 0.99
 517		 | 0.0017175081		 | 0.99
 518		 | 0.0016884709		 | 1.02
 519		 | 0.0016729786		 | 1.01
 520		 | 0.0016670818		 | 1.00
 521		 | 0.0016535689		 | 1.01
 522		 | 0.0016229051		 | 1.02
 523		 | 0.0016395480		 | 0.99
 524		 | 0.0016098813		 | 1.02
 525		 | 0.0016031025		 | 1.00
 526		 | 0.0016056828		 | 1.00
 527		 | 0.0016079158		 | 1.00
 528		 | 0.0015817059		 | 1.02
 529		 | 0.0015768658		 | 1.00
 530		 | 0.0015628818		 | 1.01
 531		 | 0.0015379623		 | 1.02
 532		 | 0.0015295973		 | 1.01
 533		 | 0.0015328224		 | 1.00
 534		 | 0.0015402738		 | 1.00
 535		 | 0.0015247288		 | 1.01
 536		 | 0.0015028247		 | 1.01
 537		 | 0.0014907396		 | 1.01
 538		 | 0.0014912475		 | 1.00
 539		 | 0.0014837245		 | 1.01
 540		 | 0.0015013977		 | 0.99
 541		 | 0.0014754578		 | 1.02
 542		 | 0.0014488914		 | 1.02
 543		 | 0.0014348941		 | 1.01
 544		 | 0.0014257925		 | 1.01
 545		 | 0.0014197633		 | 1.00
 546		 | 0.0014266142		 | 1.00
 547		 | 0.0014177849		 | 1.01
 548		 | 0.0013883250		 | 1.02
 549		 | 0.0013822484		 | 1.00
 550		 | 0.0013689015		 | 1.01
 551		 | 0.0013711914		 | 1.00
 552		 | 0.0013792028		 | 0.99
 553		 | 0.0013611760		 | 1.01
 554		 | 0.0013469859		 | 1.01
 555		 | 0.0013349354		 | 1.01
 556		 | 0.0013048541		 | 1.02
 557		 | 0.0013157169		 | 0.99
 558		 | 0.0013204367		 | 1.00
 559		 | 0.0012931480		 | 1.02
 560		 | 0.0012953571		 | 1.00
 561		 | 0.0013057472		 | 0.99
 562		 | 0.0012830911		 | 1.02
 563		 | 0.0012480273		 | 1.03
 564		 | 0.0012858123		 | 0.97
 565		 | 0.0012481952		 | 1.03
 566		 | 0.0012353781		 | 1.01
 567		 | 0.0012382428		 | 1.00
 568		 | 0.0012249342		 | 1.01
 569		 | 0.0012165079		 | 1.01
 570		 | 0.0012134101		 | 1.00
 571		 | 0.0012081418		 | 1.00
 572		 | 0.0012038957		 | 1.00
 573		 | 0.0011915533		 | 1.01
 574		 | 0.0011885290		 | 1.00
 575		 | 0.0011920093		 | 1.00
 576		 | 0.0011629990		 | 1.02
 577		 | 0.0011544904		 | 1.01
 578		 | 0.0011461597		 | 1.01
 579		 | 0.0011478961		 | 1.00
 580		 | 0.0011396408		 | 1.01
 581		 | 0.0011369811		 | 1.00
 582		 | 0.0011241043		 | 1.01
 583		 | 0.0011149878		 | 1.01
 584		 | 0.0011115906		 | 1.00
 585		 | 0.0011171051		 | 1.00
 586		 | 0.0010997061		 | 1.02
 587		 | 0.0010723505		 | 1.03
 588		 | 0.0010719799		 | 1.00
 589		 | 0.0010805630		 | 0.99
 590		 | 0.0010737543		 | 1.01
 591		 | 0.0010692074		 | 1.00
 592		 | 0.0010395024		 | 1.03
 593		 | 0.0010474734		 | 0.99
 594		 | 0.0010443964		 | 1.00
 595		 | 0.0010371463		 | 1.01
 596		 | 0.0010302588		 | 1.01
 597		 | 0.0010284596		 | 1.00
 598		 | 0.0010208285		 | 1.01
 599		 | 0.0010158662		 | 1.00
 600		 | 0.0009994087		 | 1.02
 601		 | 0.0009977759		 | 1.00
 602		 | 0.0009833701		 | 1.01
 603		 | 0.0009799312		 | 1.00
 604		 | 0.0009791942		 | 1.00
 605		 | 0.0009682795		 | 1.01
 606		 | 0.0009697385		 | 1.00
 607		 | 0.0009641962		 | 1.01
 608		 | 0.0009545236		 | 1.01
 609		 | 0.0009508108		 | 1.00
 610		 | 0.0009471051		 | 1.00
 611		 | 0.0009348772		 | 1.01
 612		 | 0.0009279674		 | 1.01
 613		 | 0.0009178888		 | 1.01
 614		 | 0.0009161876		 | 1.00
 615		 | 0.0009095116		 | 1.01
 616		 | 0.0009116253		 | 1.00
 617		 | 0.0009012906		 | 1.01
 618		 | 0.0008902186		 | 1.01
 619		 | 0.0008920119		 | 1.00
 620		 | 0.0008871827		 | 1.01
 621		 | 0.0008715666		 | 1.02
 622		 | 0.0008594797		 | 1.01
 623		 | 0.0008587527		 | 1.00
 624		 | 0.0008589109		 | 1.00
 625		 | 0.0008510063		 | 1.01
 626		 | 0.0008416865		 | 1.01
 627		 | 0.0008530941		 | 0.99
 628		 | 0.0008339305		 | 1.02
 629		 | 0.0008382987		 | 0.99
 630		 | 0.0008368899		 | 1.00
 631		 | 0.0008197093		 | 1.02
 632		 | 0.0008274542		 | 0.99
 633		 | 0.0008192268		 | 1.01
 634		 | 0.0008002176		 | 1.02
 635		 | 0.0008169470		 | 0.98
 636		 | 0.0008024189		 | 1.02
 637		 | 0.0007889597		 | 1.02
 638		 | 0.0007912198		 | 1.00
 639		 | 0.0007744024		 | 1.02
 640		 | 0.0007835096		 | 0.99
 641		 | 0.0007702914		 | 1.02
 642		 | 0.0007682765		 | 1.00
 643		 | 0.0007707769		 | 1.00
 644		 | 0.0007608059		 | 1.01
 645		 | 0.0007475886		 | 1.02
 646		 | 0.0007405719		 | 1.01
 647		 | 0.0007421405		 | 1.00
 648		 | 0.0007431604		 | 1.00
 649		 | 0.0007314748		 | 1.02
 650		 | 0.0007323733		 | 1.00
 651		 | 0.0007323191		 | 1.00
 652		 | 0.0007267878		 | 1.01
 653		 | 0.0007142137		 | 1.02
 654		 | 0.0007077694		 | 1.01
 655		 | 0.0007025434		 | 1.01
 656		 | 0.0006984199		 | 1.01
 657		 | 0.0007006259		 | 1.00
 658		 | 0.0006880278		 | 1.02
 659		 | 0.0006807466		 | 1.01
 660		 | 0.0006807732		 | 1.00
 661		 | 0.0006751051		 | 1.01
 662		 | 0.0006737503		 | 1.00
 663		 | 0.0006802409		 | 0.99
 664		 | 0.0006724376		 | 1.01
 665		 | 0.0006665293		 | 1.01
 666		 | 0.0006557726		 | 1.02
 667		 | 0.0006578420		 | 1.00
 668		 | 0.0006553069		 | 1.00
 669		 | 0.0006482145		 | 1.01
 670		 | 0.0006391442		 | 1.01
 671		 | 0.0006472311		 | 0.99
 672		 | 0.0006433541		 | 1.01
 673		 | 0.0006308471		 | 1.02
 674		 | 0.0006253091		 | 1.01
 675		 | 0.0006101181		 | 1.02
 676		 | 0.0006278340		 | 0.97
 677		 | 0.0006142015		 | 1.02
 678		 | 0.0006098584		 | 1.01
 679		 | 0.0006158769		 | 0.99
 680		 | 0.0005998213		 | 1.03
 681		 | 0.0005935614		 | 1.01
 682		 | 0.0005998803		 | 0.99
 683		 | 0.0005916189		 | 1.01
 684		 | 0.0005927482		 | 1.00
 685		 | 0.0005881158		 | 1.01
 686		 | 0.0005743158		 | 1.02
 687		 | 0.0005713762		 | 1.01
 688		 | 0.0005906791		 | 0.97
 689		 | 0.0005670562		 | 1.04
 690		 | 0.0005692647		 | 1.00
 691		 | 0.0005591400		 | 1.02
 692		 | 0.0005685480		 | 0.98
 693		 | 0.0005545505		 | 1.03
 694		 | 0.0005485541		 | 1.01
 695		 | 0.0005488556		 | 1.00
 696		 | 0.0005428304		 | 1.01
 697		 | 0.0005390016		 | 1.01
 698		 | 0.0005441522		 | 0.99
 699		 | 0.0005419797		 | 1.00
 700		 | 0.0005314565		 | 1.02
 701		 | 0.0005280049		 | 1.01
 702		 | 0.0005298296		 | 1.00
 703		 | 0.0005167032		 | 1.03
 704		 | 0.0005207855		 | 0.99
 705		 | 0.0005207518		 | 1.00
 706		 | 0.0005178595		 | 1.01
 707		 | 0.0005126685		 | 1.01
 708		 | 0.0005080281		 | 1.01
 709		 | 0.0005080546		 | 1.00
 710		 | 0.0005041450		 | 1.01
 711		 | 0.0004919943		 | 1.02
 712		 | 0.0005003379		 | 0.98
 713		 | 0.0004962680		 | 1.01
 714		 | 0.0004891635		 | 1.01
 715		 | 0.0004856314		 | 1.01
 716		 | 0.0004843408		 | 1.00
 717		 | 0.0004773392		 | 1.01
 718		 | 0.0004844674		 | 0.99
 719		 | 0.0004728585		 | 1.02
 720		 | 0.0004781617		 | 0.99
 721		 | 0.0004658356		 | 1.03
 722		 | 0.0004652890		 | 1.00
 723		 | 0.0004648809		 | 1.00
 724		 | 0.0004627385		 | 1.00
 725		 | 0.0004599837		 | 1.01
 726		 | 0.0004559537		 | 1.01
 727		 | 0.0004548609		 | 1.00
 728		 | 0.0004441364		 | 1.02
 729		 | 0.0004506606		 | 0.99
 730		 | 0.0004401758		 | 1.02
 731		 | 0.0004403368		 | 1.00
 732		 | 0.0004413298		 | 1.00
 733		 | 0.0004466182		 | 0.99
 734		 | 0.0004343987		 | 1.03
 735		 | 0.0004284795		 | 1.01
 736		 | 0.0004389631		 | 0.98
 737		 | 0.0004155003		 | 1.06
 738		 | 0.0004143713		 | 1.00
 739		 | 0.0004169332		 | 0.99
 740		 | 0.0004232062		 | 0.99
 741		 | 0.0004163082		 | 1.02
 742		 | 0.0004074972		 | 1.02
 743		 | 0.0004100828		 | 0.99
 744		 | 0.0004086102		 | 1.00
 745		 | 0.0003995706		 | 1.02
 746		 | 0.0004092340		 | 0.98
 747		 | 0.0004009375		 | 1.02
 748		 | 0.0003937384		 | 1.02
 749		 | 0.0003976062		 | 0.99
 750		 | 0.0004099965		 | 0.97
 751		 | 0.0003886636		 | 1.05
 752		 | 0.0003791324		 | 1.03
 753		 | 0.0003869069		 | 0.98
 754		 | 0.0003917493		 | 0.99
 755		 | 0.0003727100		 | 1.05
 756		 | 0.0003875977		 | 0.96
 757		 | 0.0003836747		 | 1.01
 758		 | 0.0003727189		 | 1.03
 759		 | 0.0003654955		 | 1.02
 760		 | 0.0003742766		 | 0.98
 761		 | 0.0003747783		 | 1.00
 762		 | 0.0003677302		 | 1.02
 763		 | 0.0003603463		 | 1.02
 764		 | 0.0003590530		 | 1.00
 765		 | 0.0003615269		 | 0.99
 766		 | 0.0003629097		 | 1.00
 767		 | 0.0003602998		 | 1.01
 768		 | 0.0003520085		 | 1.02
 769		 | 0.0003571540		 | 0.99
 770		 | 0.0003569016		 | 1.00
 771		 | 0.0003427026		 | 1.04
 772		 | 0.0003451838		 | 0.99
 773		 | 0.0003380415		 | 1.02
 774		 | 0.0003338696		 | 1.01
 775		 | 0.0003302211		 | 1.01
 776		 | 0.0003415672		 | 0.97
 777		 | 0.0003448353		 | 0.99
 778		 | 0.0003305180		 | 1.04
 779		 | 0.0003276212		 | 1.01
 780		 | 0.0003306551		 | 0.99
 781		 | 0.0003340501		 | 0.99
 782		 | 0.0003220765		 | 1.04
 783		 | 0.0003189308		 | 1.01
 784		 | 0.0003257597		 | 0.98
 785		 | 0.0003126204		 | 1.04
 786		 | 0.0003081433		 | 1.01
 787		 | 0.0003150606		 | 0.98
 788		 | 0.0003150288		 | 1.00
 789		 | 0.0003066804		 | 1.03
 790		 | 0.0003141318		 | 0.98
 791		 | 0.0003132980		 | 1.00
 792		 | 0.0003033089		 | 1.03
 793		 | 0.0002968670		 | 1.02
 794		 | 0.0002977237		 | 1.00
 795		 | 0.0003022633		 | 0.98
 796		 | 0.0002983232		 | 1.01
 797		 | 0.0002865677		 | 1.04
 798		 | 0.0002923330		 | 0.98
 799		 | 0.0002912039		 | 1.00
 800		 | 0.0002855634		 | 1.02
 801		 | 0.0002998691		 | 0.95
 802		 | 0.0002855887		 | 1.05
 803		 | 0.0002782365		 | 1.03
 804		 | 0.0002777947		 | 1.00
 805		 | 0.0002807623		 | 0.99
 806		 | 0.0002804474		 | 1.00
 807		 | 0.0002833406		 | 0.99
 808		 | 0.0002683246		 | 1.06
 809		 | 0.0002687956		 | 1.00
 810		 | 0.0002520069		 | 1.07
 811		 | 0.0002683221		 | 0.94
 812		 | 0.0002718822		 | 0.99
 813		 | 0.0002680532		 | 1.01
 814		 | 0.0002680291		 | 1.00
 815		 | 0.0002619239		 | 1.02
 816		 | 0.0002615575		 | 1.00
 817		 | 0.0002526625		 | 1.04
 818		 | 0.0002709934		 | 0.93
 819		 | 0.0002436180		 | 1.11
 820		 | 0.0002449208		 | 0.99
 821		 | 0.0002508126		 | 0.98
 822		 | 0.0002561108		 | 0.98
 823		 | 0.0002504113		 | 1.02
 824		 | 0.0002558303		 | 0.98
 825		 | 0.0002419083		 | 1.06
 826		 | 0.0002395408		 | 1.01
 827		 | 0.0002347559		 | 1.02
 828		 | 0.0002489464		 | 0.94
 829		 | 0.0002561292		 | 0.97
 830		 | 0.0002304322		 | 1.11
 831		 | 0.0002306549		 | 1.00
 832		 | 0.0002335447		 | 0.99
 833		 | 0.0002221980		 | 1.05
 834		 | 0.0002403944		 | 0.92
 835		 | 0.0002245483		 | 1.07
 836		 | 0.0002397722		 | 0.94
 837		 | 0.0002101695		 | 1.14
 838		 | 0.0002292093		 | 0.92
 839		 | 0.0002319957		 | 0.99
 840		 | 0.0002261783		 | 1.03
 841		 | 0.0002093633		 | 1.08
 842		 | 0.0002229652		 | 0.94
 843		 | 0.0002120206		 | 1.05
 844		 | 0.0002135949		 | 0.99
 845		 | 0.0002118035		 | 1.01
 846		 | 0.0002088459		 | 1.01
 847		 | 0.0002073092		 | 1.01
 848		 | 0.0002181340		 | 0.95
 849		 | 0.0002130677		 | 1.02
 850		 | 0.0001967761		 | 1.08
 851		 | 0.0002138004		 | 0.92
 852		 | 0.0002026481		 | 1.06
 853		 | 0.0001937292		 | 1.05
 854		 | 0.0002039456		 | 0.95
 855		 | 0.0002016805		 | 1.01
 856		 | 0.0001960141		 | 1.03
 857		 | 0.0001842649		 | 1.06
 858		 | 0.0001948678		 | 0.95
 859		 | 0.0002020059		 | 0.96
 860		 | 0.0002023616		 | 1.00
 861		 | 0.0001824413		 | 1.11
 862		 | 0.0001992728		 | 0.92
 863		 | 0.0001880501		 | 1.06
 864		 | 0.0001771389		 | 1.06
 865		 | 0.0001799091		 | 0.98
 866		 | 0.0001842634		 | 0.98
 867		 | 0.0001811626		 | 1.02
 868		 | 0.0001817425		 | 1.00
 869		 | 0.0001747467		 | 1.04
 870		 | 0.0001859121		 | 0.94
 871		 | 0.0001659893		 | 1.12
 872		 | 0.0001681887		 | 0.99
 873		 | 0.0001870877		 | 0.90
 874		 | 0.0001648315		 | 1.14
 875		 | 0.0001617733		 | 1.02
 876		 | 0.0001599294		 | 1.01
 877		 | 0.0001676502		 | 0.95
 878		 | 0.0001523088		 | 1.10
 879		 | 0.0001715617		 | 0.89
 880		 | 0.0001647041		 | 1.04
 881		 | 0.0001625632		 | 1.01
 882		 | 0.0001606086		 | 1.01
 883		 | 0.0001659246		 | 0.97
 884		 | 0.0001569478		 | 1.06
 885		 | 0.0001592233		 | 0.99
 886		 | 0.0001546054		 | 1.03
 887		 | 0.0001512806		 | 1.02
 888		 | 0.0001516534		 | 1.00
 889		 | 0.0001501820		 | 1.01
 890		 | 0.0001459730		 | 1.03
 891		 | 0.0001455601		 | 1.00
 892		 | 0.0001600300		 | 0.91
 893		 | 0.0001435316		 | 1.11
 894		 | 0.0001422673		 | 1.01
 895		 | 0.0001443321		 | 0.99
 896		 | 0.0001534875		 | 0.94
 897		 | 0.0001401915		 | 1.09
 898		 | 0.0001344462		 | 1.04
 899		 | 0.0001383961		 | 0.97
 900		 | 0.0001407428		 | 0.98
 901		 | 0.0001314777		 | 1.07
 902		 | 0.0001238101		 | 1.06
 903		 | 0.0001392530		 | 0.89
 904		 | 0.0001442999		 | 0.97
 905		 | 0.0001157006		 | 1.25
 906		 | 0.0001500238		 | 0.77
 907		 | 0.0001646152		 | 0.91
 908		 | 0.0000243881		 | 6.75
 909		 | 0.0001144370		 | 0.21
 910		 | 0.0001018932		 | 1.12
 911		 | 0.0001088113		 | 0.94
 912		 | 0.0001066819		 | 1.02
 913		 | 0.0001232119		 | 0.87
 914		 | 0.0001070819		 | 1.15
 915		 | 0.0001007765		 | 1.06
 916		 | 0.0001280740		 | 0.79
 917		 | 0.0001057436		 | 1.21
 918		 | 0.0001110458		 | 0.95
 919		 | 0.0001105595		 | 1.00
 920		 | 0.0001028944		 | 1.07
 921		 | 0.0001103661		 | 0.93
 922		 | 0.0001052240		 | 1.05
 923		 | 0.0001026595		 | 1.02
 924		 | 0.0001014202		 | 1.01
 925		 | 0.0001014083		 | 1.00
 926		 | 0.0001173416		 | 0.86
 927		 | 0.0001069987		 | 1.10
 928		 | 0.0001003248		 | 1.07
 929		 | 0.0000993174		 | 1.01
 930		 | 0.0000927226		 | 1.07
 931		 | 0.0000922872		 | 1.00
 932		 | 0.0001060752		 | 0.87
 933		 | 0.0000978161		 | 1.08
 934		 | 0.0000939146		 | 1.04
 935		 | 0.0000933188		 | 1.01
 936		 | 0.0000971955		 | 0.96
 937		 | 0.0000937538		 | 1.04
 938		 | 0.0001013495		 | 0.93
 939		 | 0.0000944209		 | 1.07
 940		 | 0.0000871664		 | 1.08
 941		 | 0.0000850871		 | 1.02
 942		 | 0.0000833689		 | 1.02
 943		 | 0.0000786925		 | 1.06
 944		 | 0.0000833679		 | 0.94
 945		 | 0.0000807067		 | 1.03
 946		 | 0.0000754787		 | 1.07
 947		 | 0.0000828916		 | 0.91
 948		 | 0.0000845838		 | 0.98
 949		 | 0.0000817667		 | 1.03
 950		 | 0.0000785129		 | 1.04
 951		 | 0.0000756454		 | 1.04
 952		 | 0.0000774810		 | 0.98
 953		 | 0.0000736527		 | 1.05
 954		 | 0.0000669460		 | 1.10
 955		 | 0.0000774847		 | 0.86
 956		 | 0.0000728429		 | 1.06
 957		 | 0.0000725234		 | 1.00
 958		 | 0.0000689244		 | 1.05
 959		 | 0.0000723323		 | 0.95
 960		 | 0.0000681723		 | 1.06
 961		 | 0.0000659800		 | 1.03
 962		 | 0.0000706028		 | 0.93
 963		 | 0.0000710262		 | 0.99
 964		 | 0.0000572665		 | 1.24
 965		 | 0.0000646209		 | 0.89
 966		 | 0.0000639175		 | 1.01
 967		 | 0.0000560175		 | 1.14
 968		 | 0.0000610896		 | 0.92
 969		 | 0.0000634361		 | 0.96
 970		 | 0.0000554766		 | 1.14
 971		 | 0.0000520323		 | 1.07
 972		 | 0.0000596741		 | 0.87
 973		 | 0.0000559333		 | 1.07
 974		 | 0.0000582764		 | 0.96
 975		 | 0.0000546507		 | 1.07
 976		 | 0.0000544634		 | 1.00
 977		 | 0.0000506459		 | 1.08
 978		 | 0.0000513071		 | 0.99
 979		 | 0.0000578051		 | 0.89
 980		 | 0.0000439036		 | 1.32
 981		 | 0.0000535364		 | 0.82
 982		 | 0.0000400948		 | 1.34
 983		 | 0.0000461292		 | 0.87
 984		 | 0.0000509378		 | 0.91
 985		 | 0.0000509718		 | 1.00
 986		 | 0.0000404976		 | 1.26
 987		 | 0.0000433641		 | 0.93
 988		 | 0.0000387013		 | 1.12
 989		 | 0.0000488571		 | 0.79
 990		 | 0.0000360486		 | 1.36
 991		 | 0.0000422486		 | 0.85
 992		 | 0.0000408884		 | 1.03
 993		 | 0.0000376239		 | 1.09
 994		 | 0.0000506693		 | 0.74
 995		 | 0.0000343517		 | 1.48
 996		 | 0.0000461226		 | 0.74
 997		 | 0.0000396893		 | 1.16
 998		 | 0.0000290906		 | 1.36
 999		 | 0.0000344884		 | 0.84
1000		 | 0.0000353965		 | 0.97