Resize Kernel: Bicubic b 0.33 c 0.33
Native resolution(s) (best guess): 959p, 834p, 854p
Please check the graph manually for more accurate results

Raw data:
Resolution	 | Relative Error	 | Relative difference from last
 500		 | 0.0029198731		 | 0.00
 501		 | 0.0029410020		 | 0.99
 502		 | 0.0028778791		 | 1.02
 503		 | 0.0028946995		 | 0.99
 504		 | 0.0028702397		 | 1.01
 505		 | 0.0028815769		 | 1.00
 506		 | 0.0028596805		 | 1.01
 507		 | 0.0028242798		 | 1.01
 508		 | 0.0028246341		 | 1.00
 509		 | 0.0027842639		 | 1.01
 510		 | 0.0027648479		 | 1.01
 511		 | 0.0027404007		 | 1.01
 512		 | 0.0027459812		 | 1.00
 513		 | 0.0027395389		 | 1.00
 514		 | 0.0026997277		 | 1.01
 515		 | 0.0027012652		 | 1.00
 516		 | 0.0026969325		 | 1.00
 517		 | 0.0026990920		 | 1.00
 518		 | 0.0026741402		 | 1.01
 519		 | 0.0026397260		 | 1.01
 520		 | 0.0026302576		 | 1.00
 521		 | 0.0026219097		 | 1.00
 522		 | 0.0025927115		 | 1.01
 523		 | 0.0026055936		 | 1.00
 524		 | 0.0025653039		 | 1.02
 525		 | 0.0025674977		 | 1.00
 526		 | 0.0025557794		 | 1.00
 527		 | 0.0025409028		 | 1.01
 528		 | 0.0025255336		 | 1.01
 529		 | 0.0024922948		 | 1.01
 530		 | 0.0025035567		 | 1.00
 531		 | 0.0024744788		 | 1.01
 532		 | 0.0024633782		 | 1.00
 533		 | 0.0024535741		 | 1.00
 534		 | 0.0024481464		 | 1.00
 535		 | 0.0024471699		 | 1.00
 536		 | 0.0024377029		 | 1.00
 537		 | 0.0023852812		 | 1.02
 538		 | 0.0023841613		 | 1.00
 539		 | 0.0023573607		 | 1.01
 540		 | 0.0023577084		 | 1.00
 541		 | 0.0023263122		 | 1.01
 542		 | 0.0023378433		 | 1.00
 543		 | 0.0023470632		 | 1.00
 544		 | 0.0023060937		 | 1.02
 545		 | 0.0023267510		 | 0.99
 546		 | 0.0022944709		 | 1.01
 547		 | 0.0022937059		 | 1.00
 548		 | 0.0022613429		 | 1.01
 549		 | 0.0022643356		 | 1.00
 550		 | 0.0022378220		 | 1.01
 551		 | 0.0022117638		 | 1.01
 552		 | 0.0022184350		 | 1.00
 553		 | 0.0021995612		 | 1.01
 554		 | 0.0022034098		 | 1.00
 555		 | 0.0021952511		 | 1.00
 556		 | 0.0021758763		 | 1.01
 557		 | 0.0021542816		 | 1.01
 558		 | 0.0021523338		 | 1.00
 559		 | 0.0021614605		 | 1.00
 560		 | 0.0021276312		 | 1.02
 561		 | 0.0021217965		 | 1.00
 562		 | 0.0020964032		 | 1.01
 563		 | 0.0020952814		 | 1.00
 564		 | 0.0020949610		 | 1.00
 565		 | 0.0020795046		 | 1.01
 566		 | 0.0020870863		 | 1.00
 567		 | 0.0020625931		 | 1.01
 568		 | 0.0020440806		 | 1.01
 569		 | 0.0020396129		 | 1.00
 570		 | 0.0020450802		 | 1.00
 571		 | 0.0020347580		 | 1.01
 572		 | 0.0020004572		 | 1.02
 573		 | 0.0019748301		 | 1.01
 574		 | 0.0019743237		 | 1.00
 575		 | 0.0019698893		 | 1.00
 576		 | 0.0019309001		 | 1.02
 577		 | 0.0019443926		 | 0.99
 578		 | 0.0019202530		 | 1.01
 579		 | 0.0019135289		 | 1.00
 580		 | 0.0019102878		 | 1.00
 581		 | 0.0019150866		 | 1.00
 582		 | 0.0018887735		 | 1.01
 583		 | 0.0018669809		 | 1.01
 584		 | 0.0018747203		 | 1.00
 585		 | 0.0018773531		 | 1.00
 586		 | 0.0018611723		 | 1.01
 587		 | 0.0018424090		 | 1.01
 588		 | 0.0018368203		 | 1.00
 589		 | 0.0018562354		 | 0.99
 590		 | 0.0018091418		 | 1.03
 591		 | 0.0018172315		 | 1.00
 592		 | 0.0018073274		 | 1.01
 593		 | 0.0017822296		 | 1.01
 594		 | 0.0017791657		 | 1.00
 595		 | 0.0017893920		 | 0.99
 596		 | 0.0017643160		 | 1.01
 597		 | 0.0017458868		 | 1.01
 598		 | 0.0017574489		 | 0.99
 599		 | 0.0017327042		 | 1.01
 600		 | 0.0017472584		 | 0.99
 601		 | 0.0017210621		 | 1.02
 602		 | 0.0017321840		 | 0.99
 603		 | 0.0017081693		 | 1.01
 604		 | 0.0016827856		 | 1.02
 605		 | 0.0016943749		 | 0.99
 606		 | 0.0016841079		 | 1.01
 607		 | 0.0016743243		 | 1.01
 608		 | 0.0016594467		 | 1.01
 609		 | 0.0016541913		 | 1.00
 610		 | 0.0016357477		 | 1.01
 611		 | 0.0016304370		 | 1.00
 612		 | 0.0016298908		 | 1.00
 613		 | 0.0016212979		 | 1.01
 614		 | 0.0016038971		 | 1.01
 615		 | 0.0016022413		 | 1.00
 616		 | 0.0015910886		 | 1.01
 617		 | 0.0015930605		 | 1.00
 618		 | 0.0015889638		 | 1.00
 619		 | 0.0015702180		 | 1.01
 620		 | 0.0015654613		 | 1.00
 621		 | 0.0015467559		 | 1.01
 622		 | 0.0015439360		 | 1.00
 623		 | 0.0015308395		 | 1.01
 624		 | 0.0015273963		 | 1.00
 625		 | 0.0015315123		 | 1.00
 626		 | 0.0015195130		 | 1.01
 627		 | 0.0014859658		 | 1.02
 628		 | 0.0015179859		 | 0.98
 629		 | 0.0015021889		 | 1.01
 630		 | 0.0014791797		 | 1.02
 631		 | 0.0014747590		 | 1.00
 632		 | 0.0014617182		 | 1.01
 633		 | 0.0014525962		 | 1.01
 634		 | 0.0014535947		 | 1.00
 635		 | 0.0014395294		 | 1.01
 636		 | 0.0014388953		 | 1.00
 637		 | 0.0014313243		 | 1.01
 638		 | 0.0014256385		 | 1.00
 639		 | 0.0014313074		 | 1.00
 640		 | 0.0014128925		 | 1.01
 641		 | 0.0014006974		 | 1.01
 642		 | 0.0013984786		 | 1.00
 643		 | 0.0014040197		 | 1.00
 644		 | 0.0013911105		 | 1.01
 645		 | 0.0013950688		 | 1.00
 646		 | 0.0013690852		 | 1.02
 647		 | 0.0013625745		 | 1.00
 648		 | 0.0013597972		 | 1.00
 649		 | 0.0013531509		 | 1.00
 650		 | 0.0013379599		 | 1.01
 651		 | 0.0013355771		 | 1.00
 652		 | 0.0013176034		 | 1.01
 653		 | 0.0013080094		 | 1.01
 654		 | 0.0013207253		 | 0.99
 655		 | 0.0013079654		 | 1.01
 656		 | 0.0013141862		 | 1.00
 657		 | 0.0012887596		 | 1.02
 658		 | 0.0012895667		 | 1.00
 659		 | 0.0012943606		 | 1.00
 660		 | 0.0012972684		 | 1.00
 661		 | 0.0012628645		 | 1.03
 662		 | 0.0012700783		 | 0.99
 663		 | 0.0012563872		 | 1.01
 664		 | 0.0012611688		 | 1.00
 665		 | 0.0012588035		 | 1.00
 666		 | 0.0012439926		 | 1.01
 667		 | 0.0012453562		 | 1.00
 668		 | 0.0012178717		 | 1.02
 669		 | 0.0012236608		 | 1.00
 670		 | 0.0012233736		 | 1.00
 671		 | 0.0012205143		 | 1.00
 672		 | 0.0012144851		 | 1.00
 673		 | 0.0012044214		 | 1.01
 674		 | 0.0011983020		 | 1.01
 675		 | 0.0011867505		 | 1.01
 676		 | 0.0011801519		 | 1.01
 677		 | 0.0011825253		 | 1.00
 678		 | 0.0011751032		 | 1.01
 679		 | 0.0011686356		 | 1.01
 680		 | 0.0011557853		 | 1.01
 681		 | 0.0011576804		 | 1.00
 682		 | 0.0011587754		 | 1.00
 683		 | 0.0011464884		 | 1.01
 684		 | 0.0011481569		 | 1.00
 685		 | 0.0011437174		 | 1.00
 686		 | 0.0011378381		 | 1.01
 687		 | 0.0011325924		 | 1.00
 688		 | 0.0011400956		 | 0.99
 689		 | 0.0011111990		 | 1.03
 690		 | 0.0011200198		 | 0.99
 691		 | 0.0011104851		 | 1.01
 692		 | 0.0011045466		 | 1.01
 693		 | 0.0011051583		 | 1.00
 694		 | 0.0010982847		 | 1.01
 695		 | 0.0010914118		 | 1.01
 696		 | 0.0010835605		 | 1.01
 697		 | 0.0010862699		 | 1.00
 698		 | 0.0010697159		 | 1.02
 699		 | 0.0010769410		 | 0.99
 700		 | 0.0010534214		 | 1.02
 701		 | 0.0010504136		 | 1.00
 702		 | 0.0010530559		 | 1.00
 703		 | 0.0010484867		 | 1.00
 704		 | 0.0010374963		 | 1.01
 705		 | 0.0010365329		 | 1.00
 706		 | 0.0010275257		 | 1.01
 707		 | 0.0010240798		 | 1.00
 708		 | 0.0010314036		 | 0.99
 709		 | 0.0010258855		 | 1.01
 710		 | 0.0010107160		 | 1.02
 711		 | 0.0010133664		 | 1.00
 712		 | 0.0010256889		 | 0.99
 713		 | 0.0010161122		 | 1.01
 714		 | 0.0009977877		 | 1.02
 715		 | 0.0009995189		 | 1.00
 716		 | 0.0009899927		 | 1.01
 717		 | 0.0009959032		 | 0.99
 718		 | 0.0009868189		 | 1.01
 719		 | 0.0009821657		 | 1.00
 720		 | 0.0009740324		 | 1.01
 721		 | 0.0009613826		 | 1.01
 722		 | 0.0009719043		 | 0.99
 723		 | 0.0009813375		 | 0.99
 724		 | 0.0009576373		 | 1.02
 725		 | 0.0009524693		 | 1.01
 726		 | 0.0009349687		 | 1.02
 727		 | 0.0009461362		 | 0.99
 728		 | 0.0009357147		 | 1.01
 729		 | 0.0009465698		 | 0.99
 730		 | 0.0009169441		 | 1.03
 731		 | 0.0009393385		 | 0.98
 732		 | 0.0009201444		 | 1.02
 733		 | 0.0009243465		 | 1.00
 734		 | 0.0009343225		 | 0.99
 735		 | 0.0009073048		 | 1.03
 736		 | 0.0009318764		 | 0.97
 737		 | 0.0008908099		 | 1.05
 738		 | 0.0009041335		 | 0.99
 739		 | 0.0008959873		 | 1.01
 740		 | 0.0008933595		 | 1.00
 741		 | 0.0008983266		 | 0.99
 742		 | 0.0008920183		 | 1.01
 743		 | 0.0008825609		 | 1.01
 744		 | 0.0008958639		 | 0.99
 745		 | 0.0008738429		 | 1.03
 746		 | 0.0008579901		 | 1.02
 747		 | 0.0008560339		 | 1.00
 748		 | 0.0008731449		 | 0.98
 749		 | 0.0008472380		 | 1.03
 750		 | 0.0008534281		 | 0.99
 751		 | 0.0008563509		 | 1.00
 752		 | 0.0008490557		 | 1.01
 753		 | 0.0008589728		 | 0.99
 754		 | 0.0008525322		 | 1.01
 755		 | 0.0008298652		 | 1.03
 756		 | 0.0008373545		 | 0.99
 757		 | 0.0008241827		 | 1.02
 758		 | 0.0008271498		 | 1.00
 759		 | 0.0008372273		 | 0.99
 760		 | 0.0008119818		 | 1.03
 761		 | 0.0008190884		 | 0.99
 762		 | 0.0008205616		 | 1.00
 763		 | 0.0007986501		 | 1.03
 764		 | 0.0008307898		 | 0.96
 765		 | 0.0008003212		 | 1.04
 766		 | 0.0008103408		 | 0.99
 767		 | 0.0007896774		 | 1.03
 768		 | 0.0007878556		 | 1.00
 769		 | 0.0008026995		 | 0.98
 770		 | 0.0008013048		 | 1.00
 771		 | 0.0007898985		 | 1.01
 772		 | 0.0007883916		 | 1.00
 773		 | 0.0007952770		 | 0.99
 774		 | 0.0007662085		 | 1.04
 775		 | 0.0007989586		 | 0.96
 776		 | 0.0007715371		 | 1.04
 777		 | 0.0007797613		 | 0.99
 778		 | 0.0007713697		 | 1.01
 779		 | 0.0007856348		 | 0.98
 780		 | 0.0007493661		 | 1.05
 781		 | 0.0007576352		 | 0.99
 782		 | 0.0007655654		 | 0.99
 783		 | 0.0007455741		 | 1.03
 784		 | 0.0007495833		 | 0.99
 785		 | 0.0007047050		 | 1.06
 786		 | 0.0007157855		 | 0.98
 787		 | 0.0007331868		 | 0.98
 788		 | 0.0007193086		 | 1.02
 789		 | 0.0007484080		 | 0.96
 790		 | 0.0007253455		 | 1.03
 791		 | 0.0007106596		 | 1.02
 792		 | 0.0007267119		 | 0.98
 793		 | 0.0006862198		 | 1.06
 794		 | 0.0007230944		 | 0.95
 795		 | 0.0007138793		 | 1.01
 796		 | 0.0006971252		 | 1.02
 797		 | 0.0006892648		 | 1.01
 798		 | 0.0007203285		 | 0.96
 799		 | 0.0007003329		 | 1.03
 800		 | 0.0006865481		 | 1.02
 801		 | 0.0007261259		 | 0.95
 802		 | 0.0006832291		 | 1.06
 803		 | 0.0006812882		 | 1.00
 804		 | 0.0006870786		 | 0.99
 805		 | 0.0006693568		 | 1.03
 806		 | 0.0006618098		 | 1.01
 807		 | 0.0006802169		 | 0.97
 808		 | 0.0006812095		 | 1.00
 809		 | 0.0006669075		 | 1.02
 810		 | 0.0006500984		 | 1.03
 811		 | 0.0006631218		 | 0.98
 812		 | 0.0006698000		 | 0.99
 813		 | 0.0006507287		 | 1.03
 814		 | 0.0006380381		 | 1.02
 815		 | 0.0006495668		 | 0.98
 816		 | 0.0006147586		 | 1.06
 817		 | 0.0006477530		 | 0.95
 818		 | 0.0006722179		 | 0.96
 819		 | 0.0006154552		 | 1.09
 820		 | 0.0006502684		 | 0.95
 821		 | 0.0006448759		 | 1.01
 822		 | 0.0006596229		 | 0.98
 823		 | 0.0006368403		 | 1.04
 824		 | 0.0006407809		 | 0.99
 825		 | 0.0006446913		 | 0.99
 826		 | 0.0006363406		 | 1.01
 827		 | 0.0006027183		 | 1.06
 828		 | 0.0006245150		 | 0.97
 829		 | 0.0005960367		 | 1.05
 830		 | 0.0005641892		 | 1.06
 831		 | 0.0005631621		 | 1.00
 832		 | 0.0005476343		 | 1.03
 833		 | 0.0005169763		 | 1.06
 834		 | 0.0004335599		 | 1.19
 835		 | 0.0004332169		 | 1.00
 836		 | 0.0005996052		 | 0.72
 837		 | 0.0005563086		 | 1.08
 838		 | 0.0005819972		 | 0.96
 839		 | 0.0005688140		 | 1.02
 840		 | 0.0005606821		 | 1.01
 841		 | 0.0005927475		 | 0.95
 842		 | 0.0006068494		 | 0.98
 843		 | 0.0005708981		 | 1.06
 844		 | 0.0005592073		 | 1.02
 845		 | 0.0005664835		 | 0.99
 846		 | 0.0005610996		 | 1.01
 847		 | 0.0005738525		 | 0.98
 848		 | 0.0006049997		 | 0.95
 849		 | 0.0005971768		 | 1.01
 850		 | 0.0005694998		 | 1.05
 851		 | 0.0005530963		 | 1.03
 852		 | 0.0005951425		 | 0.93
 853		 | 0.0005675662		 | 1.05
 854		 | 0.0005094007		 | 1.11
 855		 | 0.0005362951		 | 0.95
 856		 | 0.0005157078		 | 1.04
 857		 | 0.0004954683		 | 1.04
 858		 | 0.0005187953		 | 0.96
 859		 | 0.0005171185		 | 1.00
 860		 | 0.0005094174		 | 1.02
 861		 | 0.0005159868		 | 0.99
 862		 | 0.0005258760		 | 0.98
 863		 | 0.0005271137		 | 1.00
 864		 | 0.0004914252		 | 1.07
 865		 | 0.0005035449		 | 0.98
 866		 | 0.0005252295		 | 0.96
 867		 | 0.0005078925		 | 1.03
 868		 | 0.0004943434		 | 1.03
 869		 | 0.0005053647		 | 0.98
 870		 | 0.0004927799		 | 1.03
 871		 | 0.0004884479		 | 1.01
 872		 | 0.0004916206		 | 0.99
 873		 | 0.0004719502		 | 1.04
 874		 | 0.0004758346		 | 0.99
 875		 | 0.0004736017		 | 1.00
 876		 | 0.0004809276		 | 0.98
 877		 | 0.0004440822		 | 1.08
 878		 | 0.0004765612		 | 0.93
 879		 | 0.0004651164		 | 1.02
 880		 | 0.0004629343		 | 1.00
 881		 | 0.0004753075		 | 0.97
 882		 | 0.0004557812		 | 1.04
 883		 | 0.0004509084		 | 1.01
 884		 | 0.0004462429		 | 1.01
 885		 | 0.0004307762		 | 1.04
 886		 | 0.0004465902		 | 0.96
 887		 | 0.0004439290		 | 1.01
 888		 | 0.0004317865		 | 1.03
 889		 | 0.0004459956		 | 0.97
 890		 | 0.0004511995		 | 0.99
 891		 | 0.0004426347		 | 1.02
 892		 | 0.0004356381		 | 1.02
 893		 | 0.0004390499		 | 0.99
 894		 | 0.0004279336		 | 1.03
 895		 | 0.0004443771		 | 0.96
 896		 | 0.0004275676		 | 1.04
 897		 | 0.0004237532		 | 1.01
 898		 | 0.0004102248		 | 1.03
 899		 | 0.0003961201		 | 1.04
 900		 | 0.0004154513		 | 0.95
 901		 | 0.0004014641		 | 1.03
 902		 | 0.0003883252		 | 1.03
 903		 | 0.0003815540		 | 1.02
 904		 | 0.0004017918		 | 0.95
 905		 | 0.0003929161		 | 1.02
 906		 | 0.0004151140		 | 0.95
 907		 | 0.0003874021		 | 1.07
 908		 | 0.0003921680		 | 0.99
 909		 | 0.0003952429		 | 0.99
 910		 | 0.0003817366		 | 1.04
 911		 | 0.0003932070		 | 0.97
 912		 | 0.0003832722		 | 1.03
 913		 | 0.0003771585		 | 1.02
 914		 | 0.0003567655		 | 1.06
 915		 | 0.0003725189		 | 0.96
 916		 | 0.0003643509		 | 1.02
 917		 | 0.0003713888		 | 0.98
 918		 | 0.0003659423		 | 1.01
 919		 | 0.0003572877		 | 1.02
 920		 | 0.0003687696		 | 0.97
 921		 | 0.0003569011		 | 1.03
 922		 | 0.0003600519		 | 0.99
 923		 | 0.0003678189		 | 0.98
 924		 | 0.0003474602		 | 1.06
 925		 | 0.0003427787		 | 1.01
 926		 | 0.0003473870		 | 0.99
 927		 | 0.0003370646		 | 1.03
 928		 | 0.0003412974		 | 0.99
 929		 | 0.0003361874		 | 1.02
 930		 | 0.0003401050		 | 0.99
 931		 | 0.0003382605		 | 1.01
 932		 | 0.0003412171		 | 0.99
 933		 | 0.0003345508		 | 1.02
 934		 | 0.0003386477		 | 0.99
 935		 | 0.0003224705		 | 1.05
 936		 | 0.0003274335		 | 0.98
 937		 | 0.0003301926		 | 0.99
 938		 | 0.0003164364		 | 1.04
 939		 | 0.0003234548		 | 0.98
 940		 | 0.0003220454		 | 1.00
 941		 | 0.0003129807		 | 1.03
 942		 | 0.0003037372		 | 1.03
 943		 | 0.0003181978		 | 0.95
 944		 | 0.0002903518		 | 1.10
 945		 | 0.0003017515		 | 0.96
 946		 | 0.0002926158		 | 1.03
 947		 | 0.0003020725		 | 0.97
 948		 | 0.0003073992		 | 0.98
 949		 | 0.0002899810		 | 1.06
 950		 | 0.0002939511		 | 0.99
 951		 | 0.0002756627		 | 1.07
 952		 | 0.0002829087		 | 0.97
 953		 | 0.0002734624		 | 1.03
 954		 | 0.0002800304		 | 0.98
 955		 | 0.0002832531		 | 0.99
 956		 | 0.0002878016		 | 0.98
 957		 | 0.0003115185		 | 0.92
 958		 | 0.0003357730		 | 0.93
 959		 | 0.0002792833		 | 1.20
 960		 | 0.0002729742		 | 1.02
 961		 | 0.0002501289		 | 1.09
 962		 | 0.0002673460		 | 0.94
 963		 | 0.0002589545		 | 1.03
 964		 | 0.0002547570		 | 1.02
 965		 | 0.0002447279		 | 1.04
 966		 | 0.0002458308		 | 1.00
 967		 | 0.0002517850		 | 0.98
 968		 | 0.0002582596		 | 0.97
 969		 | 0.0002492797		 | 1.04
 970		 | 0.0002495844		 | 1.00
 971		 | 0.0002362792		 | 1.06
 972		 | 0.0002404958		 | 0.98
 973		 | 0.0002361239		 | 1.02
 974		 | 0.0002384561		 | 0.99
 975		 | 0.0002368594		 | 1.01
 976		 | 0.0002245037		 | 1.06
 977		 | 0.0002346821		 | 0.96
 978		 | 0.0002240161		 | 1.05
 979		 | 0.0002270018		 | 0.99
 980		 | 0.0002249767		 | 1.01
 981		 | 0.0002194453		 | 1.03
 982		 | 0.0002270598		 | 0.97
 983		 | 0.0002085880		 | 1.09
 984		 | 0.0002178584		 | 0.96
 985		 | 0.0002074791		 | 1.05
 986		 | 0.0001982450		 | 1.05
 987		 | 0.0002137097		 | 0.93
 988		 | 0.0002024388		 | 1.06
 989		 | 0.0002122609		 | 0.95
 990		 | 0.0002047278		 | 1.04
 991		 | 0.0002028511		 | 1.01
 992		 | 0.0001955068		 | 1.04
 993		 | 0.0001886256		 | 1.04
 994		 | 0.0001942131		 | 0.97
 995		 | 0.0001801408		 | 1.08
 996		 | 0.0001675572		 | 1.08
 997		 | 0.0001760091		 | 0.95
 998		 | 0.0001633796		 | 1.08
 999		 | 0.0001745971		 | 0.94
1000		 | 0.0001649734		 | 1.06