Resize Kernel: Bicubic b 0.33 c 0.33
Native resolution(s) (best guess): 800p, 987p
Please check the graph manually for more accurate results

Raw data:
Resolution	 | Relative Error	 | Relative difference from last
 500		 | 0.0026188079		 | 0.00
 501		 | 0.0025871608		 | 1.01
 502		 | 0.0025686837		 | 1.01
 503		 | 0.0025445595		 | 1.01
 504		 | 0.0025175560		 | 1.01
 505		 | 0.0024963744		 | 1.01
 506		 | 0.0025176273		 | 0.99
 507		 | 0.0025115574		 | 1.00
 508		 | 0.0024499255		 | 1.03
 509		 | 0.0024375751		 | 1.01
 510		 | 0.0024206919		 | 1.01
 511		 | 0.0024516765		 | 0.99
 512		 | 0.0024241889		 | 1.01
 513		 | 0.0024254381		 | 1.00
 514		 | 0.0023837698		 | 1.02
 515		 | 0.0023590680		 | 1.01
 516		 | 0.0023541216		 | 1.00
 517		 | 0.0023545714		 | 1.00
 518		 | 0.0023246380		 | 1.01
 519		 | 0.0023028494		 | 1.01
 520		 | 0.0022986789		 | 1.00
 521		 | 0.0022899666		 | 1.00
 522		 | 0.0022391088		 | 1.02
 523		 | 0.0022541709		 | 0.99
 524		 | 0.0022202938		 | 1.02
 525		 | 0.0022086329		 | 1.01
 526		 | 0.0022240535		 | 0.99
 527		 | 0.0022159652		 | 1.00
 528		 | 0.0021871274		 | 1.01
 529		 | 0.0021624474		 | 1.01
 530		 | 0.0021668332		 | 1.00
 531		 | 0.0021466577		 | 1.01
 532		 | 0.0021386072		 | 1.00
 533		 | 0.0021151828		 | 1.01
 534		 | 0.0021229970		 | 1.00
 535		 | 0.0020921740		 | 1.01
 536		 | 0.0020899601		 | 1.00
 537		 | 0.0020534364		 | 1.02
 538		 | 0.0020452004		 | 1.00
 539		 | 0.0020357739		 | 1.00
 540		 | 0.0020797995		 | 0.98
 541		 | 0.0020295475		 | 1.02
 542		 | 0.0020189813		 | 1.01
 543		 | 0.0020165172		 | 1.00
 544		 | 0.0019760059		 | 1.02
 545		 | 0.0019647168		 | 1.01
 546		 | 0.0019666611		 | 1.00
 547		 | 0.0019515733		 | 1.01
 548		 | 0.0019424141		 | 1.00
 549		 | 0.0019290595		 | 1.01
 550		 | 0.0019030918		 | 1.01
 551		 | 0.0018870342		 | 1.01
 552		 | 0.0018808474		 | 1.00
 553		 | 0.0018978998		 | 0.99
 554		 | 0.0018888592		 | 1.00
 555		 | 0.0018740602		 | 1.01
 556		 | 0.0018378523		 | 1.02
 557		 | 0.0018312263		 | 1.00
 558		 | 0.0018115518		 | 1.01
 559		 | 0.0018035272		 | 1.00
 560		 | 0.0017892691		 | 1.01
 561		 | 0.0017785870		 | 1.01
 562		 | 0.0017702013		 | 1.00
 563		 | 0.0017613537		 | 1.01
 564		 | 0.0017600216		 | 1.00
 565		 | 0.0017490232		 | 1.01
 566		 | 0.0017316540		 | 1.01
 567		 | 0.0017273391		 | 1.00
 568		 | 0.0017067448		 | 1.01
 569		 | 0.0017004349		 | 1.00
 570		 | 0.0016990127		 | 1.00
 571		 | 0.0016855622		 | 1.01
 572		 | 0.0016787830		 | 1.00
 573		 | 0.0016736277		 | 1.00
 574		 | 0.0016378517		 | 1.02
 575		 | 0.0016272282		 | 1.01
 576		 | 0.0016213527		 | 1.00
 577		 | 0.0016224193		 | 1.00
 578		 | 0.0016157371		 | 1.00
 579		 | 0.0016190308		 | 1.00
 580		 | 0.0015852128		 | 1.02
 581		 | 0.0015713100		 | 1.01
 582		 | 0.0015713139		 | 1.00
 583		 | 0.0015642335		 | 1.00
 584		 | 0.0015597588		 | 1.00
 585		 | 0.0015304742		 | 1.02
 586		 | 0.0015248336		 | 1.00
 587		 | 0.0015140349		 | 1.01
 588		 | 0.0015161021		 | 1.00
 589		 | 0.0015034427		 | 1.01
 590		 | 0.0014776811		 | 1.02
 591		 | 0.0014852880		 | 0.99
 592		 | 0.0014929812		 | 0.99
 593		 | 0.0014663393		 | 1.02
 594		 | 0.0014655270		 | 1.00
 595		 | 0.0014642081		 | 1.00
 596		 | 0.0014382170		 | 1.02
 597		 | 0.0014322143		 | 1.00
 598		 | 0.0014229783		 | 1.01
 599		 | 0.0014047818		 | 1.01
 600		 | 0.0014210386		 | 0.99
 601		 | 0.0014018204		 | 1.01
 602		 | 0.0013800259		 | 1.02
 603		 | 0.0013728169		 | 1.01
 604		 | 0.0013553285		 | 1.01
 605		 | 0.0013623038		 | 0.99
 606		 | 0.0013510716		 | 1.01
 607		 | 0.0013636647		 | 0.99
 608		 | 0.0013477482		 | 1.01
 609		 | 0.0013255074		 | 1.02
 610		 | 0.0013006958		 | 1.02
 611		 | 0.0013038563		 | 1.00
 612		 | 0.0013117903		 | 0.99
 613		 | 0.0013101548		 | 1.00
 614		 | 0.0012805493		 | 1.02
 615		 | 0.0012914903		 | 0.99
 616		 | 0.0012635904		 | 1.02
 617		 | 0.0012646050		 | 1.00
 618		 | 0.0012465157		 | 1.01
 619		 | 0.0012425133		 | 1.00
 620		 | 0.0012393875		 | 1.00
 621		 | 0.0012538559		 | 0.99
 622		 | 0.0012152757		 | 1.03
 623		 | 0.0012128667		 | 1.00
 624		 | 0.0012097079		 | 1.00
 625		 | 0.0012082855		 | 1.00
 626		 | 0.0012048256		 | 1.00
 627		 | 0.0011917390		 | 1.01
 628		 | 0.0011723901		 | 1.02
 629		 | 0.0011687171		 | 1.00
 630		 | 0.0011587354		 | 1.01
 631		 | 0.0011600671		 | 1.00
 632		 | 0.0011514633		 | 1.01
 633		 | 0.0011463452		 | 1.00
 634		 | 0.0011411999		 | 1.00
 635		 | 0.0011300395		 | 1.01
 636		 | 0.0011248479		 | 1.00
 637		 | 0.0011076876		 | 1.02
 638		 | 0.0010916276		 | 1.01
 639		 | 0.0010852724		 | 1.01
 640		 | 0.0010948230		 | 0.99
 641		 | 0.0010814243		 | 1.01
 642		 | 0.0010714058		 | 1.01
 643		 | 0.0010696123		 | 1.00
 644		 | 0.0010596596		 | 1.01
 645		 | 0.0010628266		 | 1.00
 646		 | 0.0010500622		 | 1.01
 647		 | 0.0010335449		 | 1.02
 648		 | 0.0010353383		 | 1.00
 649		 | 0.0010361594		 | 1.00
 650		 | 0.0010225081		 | 1.01
 651		 | 0.0010208841		 | 1.00
 652		 | 0.0010004405		 | 1.02
 653		 | 0.0010051687		 | 1.00
 654		 | 0.0010058191		 | 1.00
 655		 | 0.0009953699		 | 1.01
 656		 | 0.0009757321		 | 1.02
 657		 | 0.0009689637		 | 1.01
 658		 | 0.0009654147		 | 1.00
 659		 | 0.0009627543		 | 1.00
 660		 | 0.0009666381		 | 1.00
 661		 | 0.0009517846		 | 1.02
 662		 | 0.0009454711		 | 1.01
 663		 | 0.0009369150		 | 1.01
 664		 | 0.0009309851		 | 1.01
 665		 | 0.0009225046		 | 1.01
 666		 | 0.0009277299		 | 0.99
 667		 | 0.0009123928		 | 1.02
 668		 | 0.0008894436		 | 1.03
 669		 | 0.0008938261		 | 1.00
 670		 | 0.0008834718		 | 1.01
 671		 | 0.0008880583		 | 0.99
 672		 | 0.0008775268		 | 1.01
 673		 | 0.0008816862		 | 1.00
 674		 | 0.0008806094		 | 1.00
 675		 | 0.0008505474		 | 1.04
 676		 | 0.0008616203		 | 0.99
 677		 | 0.0008569343		 | 1.01
 678		 | 0.0008514266		 | 1.01
 679		 | 0.0008471489		 | 1.01
 680		 | 0.0008238183		 | 1.03
 681		 | 0.0008375921		 | 0.98
 682		 | 0.0008266795		 | 1.01
 683		 | 0.0008255148		 | 1.00
 684		 | 0.0008016612		 | 1.03
 685		 | 0.0008126563		 | 0.99
 686		 | 0.0008147867		 | 1.00
 687		 | 0.0008105566		 | 1.01
 688		 | 0.0007957166		 | 1.02
 689		 | 0.0007969953		 | 1.00
 690		 | 0.0007793306		 | 1.02
 691		 | 0.0007691265		 | 1.01
 692		 | 0.0007754348		 | 0.99
 693		 | 0.0007717008		 | 1.00
 694		 | 0.0007536611		 | 1.02
 695		 | 0.0007588109		 | 0.99
 696		 | 0.0007492235		 | 1.01
 697		 | 0.0007527774		 | 1.00
 698		 | 0.0007368889		 | 1.02
 699		 | 0.0007350494		 | 1.00
 700		 | 0.0007345816		 | 1.00
 701		 | 0.0007347322		 | 1.00
 702		 | 0.0007153052		 | 1.03
 703		 | 0.0007163194		 | 1.00
 704		 | 0.0007060675		 | 1.01
 705		 | 0.0007029232		 | 1.00
 706		 | 0.0006905896		 | 1.02
 707		 | 0.0006914057		 | 1.00
 708		 | 0.0006850227		 | 1.01
 709		 | 0.0006800134		 | 1.01
 710		 | 0.0006728947		 | 1.01
 711		 | 0.0006721937		 | 1.00
 712		 | 0.0006691820		 | 1.00
 713		 | 0.0006558321		 | 1.02
 714		 | 0.0006547542		 | 1.00
 715		 | 0.0006550856		 | 1.00
 716		 | 0.0006661079		 | 0.98
 717		 | 0.0006512395		 | 1.02
 718		 | 0.0006356233		 | 1.02
 719		 | 0.0006303439		 | 1.01
 720		 | 0.0006361313		 | 0.99
 721		 | 0.0006258545		 | 1.02
 722		 | 0.0006234788		 | 1.00
 723		 | 0.0006237728		 | 1.00
 724		 | 0.0006178670		 | 1.01
 725		 | 0.0005992415		 | 1.03
 726		 | 0.0006126192		 | 0.98
 727		 | 0.0006059392		 | 1.01
 728		 | 0.0005947145		 | 1.02
 729		 | 0.0005946267		 | 1.00
 730		 | 0.0005910887		 | 1.01
 731		 | 0.0005766136		 | 1.03
 732		 | 0.0005699963		 | 1.01
 733		 | 0.0005730986		 | 0.99
 734		 | 0.0005736621		 | 1.00
 735		 | 0.0005712014		 | 1.00
 736		 | 0.0005614569		 | 1.02
 737		 | 0.0005548182		 | 1.01
 738		 | 0.0005486076		 | 1.01
 739		 | 0.0005473988		 | 1.00
 740		 | 0.0005433046		 | 1.01
 741		 | 0.0005494974		 | 0.99
 742		 | 0.0005334376		 | 1.03
 743		 | 0.0005289375		 | 1.01
 744		 | 0.0005312257		 | 1.00
 745		 | 0.0005287051		 | 1.00
 746		 | 0.0005150609		 | 1.03
 747		 | 0.0005015674		 | 1.03
 748		 | 0.0005120599		 | 0.98
 749		 | 0.0005247121		 | 0.98
 750		 | 0.0005179526		 | 1.01
 751		 | 0.0005039868		 | 1.03
 752		 | 0.0004999444		 | 1.01
 753		 | 0.0004959262		 | 1.01
 754		 | 0.0004942337		 | 1.00
 755		 | 0.0004853474		 | 1.02
 756		 | 0.0004957300		 | 0.98
 757		 | 0.0004827385		 | 1.03
 758		 | 0.0004658210		 | 1.04
 759		 | 0.0004574313		 | 1.02
 760		 | 0.0004619949		 | 0.99
 761		 | 0.0004806400		 | 0.96
 762		 | 0.0004641920		 | 1.04
 763		 | 0.0004696444		 | 0.99
 764		 | 0.0004530098		 | 1.04
 765		 | 0.0004488502		 | 1.01
 766		 | 0.0004401999		 | 1.02
 767		 | 0.0004420349		 | 1.00
 768		 | 0.0004356221		 | 1.01
 769		 | 0.0004355383		 | 1.00
 770		 | 0.0004458626		 | 0.98
 771		 | 0.0004264609		 | 1.05
 772		 | 0.0004094953		 | 1.04
 773		 | 0.0004133944		 | 0.99
 774		 | 0.0004112095		 | 1.01
 775		 | 0.0004219591		 | 0.97
 776		 | 0.0004227849		 | 1.00
 777		 | 0.0004264252		 | 0.99
 778		 | 0.0004071720		 | 1.05
 779		 | 0.0004104471		 | 0.99
 780		 | 0.0003882698		 | 1.06
 781		 | 0.0003952875		 | 0.98
 782		 | 0.0003965435		 | 1.00
 783		 | 0.0003895134		 | 1.02
 784		 | 0.0003947861		 | 0.99
 785		 | 0.0003879315		 | 1.02
 786		 | 0.0003814417		 | 1.02
 787		 | 0.0003792974		 | 1.01
 788		 | 0.0003651548		 | 1.04
 789		 | 0.0003830503		 | 0.95
 790		 | 0.0003729066		 | 1.03
 791		 | 0.0003783384		 | 0.99
 792		 | 0.0003665150		 | 1.03
 793		 | 0.0003707526		 | 0.99
 794		 | 0.0003717107		 | 1.00
 795		 | 0.0003780220		 | 0.98
 796		 | 0.0003501480		 | 1.08
 797		 | 0.0003683621		 | 0.95
 798		 | 0.0003775592		 | 0.98
 799		 | 0.0003384042		 | 1.12
 800		 | 0.0001566868		 | 2.16
 801		 | 0.0003173871		 | 0.49
 802		 | 0.0003454054		 | 0.92
 803		 | 0.0003413117		 | 1.01
 804		 | 0.0003294787		 | 1.04
 805		 | 0.0003182202		 | 1.04
 806		 | 0.0003124473		 | 1.02
 807		 | 0.0003179940		 | 0.98
 808		 | 0.0003261900		 | 0.97
 809		 | 0.0003269450		 | 1.00
 810		 | 0.0002896836		 | 1.13
 811		 | 0.0003148769		 | 0.92
 812		 | 0.0003073431		 | 1.02
 813		 | 0.0003142401		 | 0.98
 814		 | 0.0002942412		 | 1.07
 815		 | 0.0003006388		 | 0.98
 816		 | 0.0003043634		 | 0.99
 817		 | 0.0002922150		 | 1.04
 818		 | 0.0002850752		 | 1.03
 819		 | 0.0002857669		 | 1.00
 820		 | 0.0002794855		 | 1.02
 821		 | 0.0002818544		 | 0.99
 822		 | 0.0002832281		 | 1.00
 823		 | 0.0002833344		 | 1.00
 824		 | 0.0002905877		 | 0.98
 825		 | 0.0002755214		 | 1.05
 826		 | 0.0002702170		 | 1.02
 827		 | 0.0002729146		 | 0.99
 828		 | 0.0002588907		 | 1.05
 829		 | 0.0002472463		 | 1.05
 830		 | 0.0002616078		 | 0.95
 831		 | 0.0002608167		 | 1.00
 832		 | 0.0002533378		 | 1.03
 833		 | 0.0002442716		 | 1.04
 834		 | 0.0002422347		 | 1.01
 835		 | 0.0002484509		 | 0.97
 836		 | 0.0002362434		 | 1.05
 837		 | 0.0002409024		 | 0.98
 838		 | 0.0002394147		 | 1.01
 839		 | 0.0002420127		 | 0.99
 840		 | 0.0002394223		 | 1.01
 841		 | 0.0002300145		 | 1.04
 842		 | 0.0002286301		 | 1.01
 843		 | 0.0002225773		 | 1.03
 844		 | 0.0002261337		 | 0.98
 845		 | 0.0002284517		 | 0.99
 846		 | 0.0002182268		 | 1.05
 847		 | 0.0002222073		 | 0.98
 848		 | 0.0002121077		 | 1.05
 849		 | 0.0002124038		 | 1.00
 850		 | 0.0002180846		 | 0.97
 851		 | 0.0002180918		 | 1.00
 852		 | 0.0002086552		 | 1.05
 853		 | 0.0001980588		 | 1.05
 854		 | 0.0001957053		 | 1.01
 855		 | 0.0001952335		 | 1.00
 856		 | 0.0001946196		 | 1.00
 857		 | 0.0002019482		 | 0.96
 858		 | 0.0002037922		 | 0.99
 859		 | 0.0001930947		 | 1.06
 860		 | 0.0001833605		 | 1.05
 861		 | 0.0001938537		 | 0.95
 862		 | 0.0001934415		 | 1.00
 863		 | 0.0001833407		 | 1.06
 864		 | 0.0001850734		 | 0.99
 865		 | 0.0001797986		 | 1.03
 866		 | 0.0001774369		 | 1.01
 867		 | 0.0001734177		 | 1.02
 868		 | 0.0001687309		 | 1.03
 869		 | 0.0001746073		 | 0.97
 870		 | 0.0001653804		 | 1.06
 871		 | 0.0001697664		 | 0.97
 872		 | 0.0001705104		 | 1.00
 873		 | 0.0001610472		 | 1.06
 874		 | 0.0001634972		 | 0.99
 875		 | 0.0001623497		 | 1.01
 876		 | 0.0001581008		 | 1.03
 877		 | 0.0001604167		 | 0.99
 878		 | 0.0001540658		 | 1.04
 879		 | 0.0001543651		 | 1.00
 880		 | 0.0001565984		 | 0.99
 881		 | 0.0001488881		 | 1.05
 882		 | 0.0001517670		 | 0.98
 883		 | 0.0001486709		 | 1.02
 884		 | 0.0001447501		 | 1.03
 885		 | 0.0001473902		 | 0.98
 886		 | 0.0001413050		 | 1.04
 887		 | 0.0001443896		 | 0.98
 888		 | 0.0001376035		 | 1.05
 889		 | 0.0001376286		 | 1.00
 890		 | 0.0001278124		 | 1.08
 891		 | 0.0001342460		 | 0.95
 892		 | 0.0001321499		 | 1.02
 893		 | 0.0001318565		 | 1.00
 894		 | 0.0001291858		 | 1.02
 895		 | 0.0001290309		 | 1.00
 896		 | 0.0001259043		 | 1.02
 897		 | 0.0001244977		 | 1.01
 898		 | 0.0001186411		 | 1.05
 899		 | 0.0001261474		 | 0.94
 900		 | 0.0001205466		 | 1.05
 901		 | 0.0001193753		 | 1.01
 902		 | 0.0001159183		 | 1.03
 903		 | 0.0001166556		 | 0.99
 904		 | 0.0001107836		 | 1.05
 905		 | 0.0001114160		 | 0.99
 906		 | 0.0001121632		 | 0.99
 907		 | 0.0001082187		 | 1.04
 908		 | 0.0001043571		 | 1.04
 909		 | 0.0000984481		 | 1.06
 910		 | 0.0001061507		 | 0.93
 911		 | 0.0001058462		 | 1.00
 912		 | 0.0001062275		 | 1.00
 913		 | 0.0001033746		 | 1.03
 914		 | 0.0001053612		 | 0.98
 915		 | 0.0000959146		 | 1.10
 916		 | 0.0000971272		 | 0.99
 917		 | 0.0000973218		 | 1.00
 918		 | 0.0000884580		 | 1.10
 919		 | 0.0000924550		 | 0.96
 920		 | 0.0000903835		 | 1.02
 921		 | 0.0000912247		 | 0.99
 922		 | 0.0000848555		 | 1.08
 923		 | 0.0000846239		 | 1.00
 924		 | 0.0000892026		 | 0.95
 925		 | 0.0000856644		 | 1.04
 926		 | 0.0000868906		 | 0.99
 927		 | 0.0000797814		 | 1.09
 928		 | 0.0000774847		 | 1.03
 929		 | 0.0000801153		 | 0.97
 930		 | 0.0000775016		 | 1.03
 931		 | 0.0000752009		 | 1.03
 932		 | 0.0000697866		 | 1.08
 933		 | 0.0000716659		 | 0.97
 934		 | 0.0000772047		 | 0.93
 935		 | 0.0000689431		 | 1.12
 936		 | 0.0000675280		 | 1.02
 937		 | 0.0000654185		 | 1.03
 938		 | 0.0000636206		 | 1.03
 939		 | 0.0000655028		 | 0.97
 940		 | 0.0000900302		 | 0.73
 941		 | 0.0000788613		 | 1.14
 942		 | 0.0000631224		 | 1.25
 943		 | 0.0000630409		 | 1.00
 944		 | 0.0000563116		 | 1.12
 945		 | 0.0000632235		 | 0.89
 946		 | 0.0000602535		 | 1.05
 947		 | 0.0000605327		 | 1.00
 948		 | 0.0000577395		 | 1.05
 949		 | 0.0000533543		 | 1.08
 950		 | 0.0000557023		 | 0.96
 951		 | 0.0000561980		 | 0.99
 952		 | 0.0000489521		 | 1.15
 953		 | 0.0000516243		 | 0.95
 954		 | 0.0000553207		 | 0.93
 955		 | 0.0000507631		 | 1.09
 956		 | 0.0000518591		 | 0.98
 957		 | 0.0000517147		 | 1.00
 958		 | 0.0000484403		 | 1.07
 959		 | 0.0000499435		 | 0.97
 960		 | 0.0000390851		 | 1.28
 961		 | 0.0000464645		 | 0.84
 962		 | 0.0000458012		 | 1.01
 963		 | 0.0000429724		 | 1.07
 964		 | 0.0000413277		 | 1.04
 965		 | 0.0000388448		 | 1.06
 966		 | 0.0000381009		 | 1.02
 967		 | 0.0000471024		 | 0.81
 968		 | 0.0000390223		 | 1.21
 969		 | 0.0000384278		 | 1.02
 970		 | 0.0000428016		 | 0.90
 971		 | 0.0000357668		 | 1.20
 972		 | 0.0000331755		 | 1.08
 973		 | 0.0000357592		 | 0.93
 974		 | 0.0000359069		 | 1.00
 975		 | 0.0000375177		 | 0.96
 976		 | 0.0000303036		 | 1.24
 977		 | 0.0000332032		 | 0.91
 978		 | 0.0000311407		 | 1.07
 979		 | 0.0000340494		 | 0.91
 980		 | 0.0000300847		 | 1.13
 981		 | 0.0000315064		 | 0.95
 982		 | 0.0000291675		 | 1.08
 983		 | 0.0000297029		 | 0.98
 984		 | 0.0000286855		 | 1.04
 985		 | 0.0000271083		 | 1.06
 986		 | 0.0000262686		 | 1.03
 987		 | 0.0000177725		 | 1.48
 988		 | 0.0000237243		 | 0.75
 989		 | 0.0000237906		 | 1.00
 990		 | 0.0000208635		 | 1.14
 991		 | 0.0000261128		 | 0.80
 992		 | 0.0000245593		 | 1.06
 993		 | 0.0000251857		 | 0.98
 994		 | 0.0000219487		 | 1.15
 995		 | 0.0000259545		 | 0.85
 996		 | 0.0000246775		 | 1.05
 997		 | 0.0000215398		 | 1.15
 998		 | 0.0000172016		 | 1.25
 999		 | 0.0000188824		 | 0.91
1000		 | 0.0000151739		 | 1.24