Resize Kernel: Bicubic b 0.33 c 0.33
Native resolution(s) (best guess): 960p
Please check the graph manually for more accurate results

Raw data:
Resolution	 | Relative Error	 | Relative difference from last
 500		 | 0.0016612775		 | 0.00
 501		 | 0.0016441995		 | 1.01
 502		 | 0.0016374659		 | 1.00
 503		 | 0.0016363662		 | 1.00
 504		 | 0.0016233876		 | 1.01
 505		 | 0.0016156016		 | 1.00
 506		 | 0.0015888930		 | 1.02
 507		 | 0.0015695868		 | 1.01
 508		 | 0.0015876274		 | 0.99
 509		 | 0.0015661157		 | 1.01
 510		 | 0.0015450126		 | 1.01
 511		 | 0.0015246656		 | 1.01
 512		 | 0.0015099059		 | 1.01
 513		 | 0.0015195613		 | 0.99
 514		 | 0.0015004880		 | 1.01
 515		 | 0.0015051142		 | 1.00
 516		 | 0.0014920360		 | 1.01
 517		 | 0.0014710612		 | 1.01
 518		 | 0.0014562443		 | 1.01
 519		 | 0.0014528061		 | 1.00
 520		 | 0.0014484566		 | 1.00
 521		 | 0.0014252299		 | 1.02
 522		 | 0.0014302699		 | 1.00
 523		 | 0.0014108243		 | 1.01
 524		 | 0.0014076834		 | 1.00
 525		 | 0.0013984267		 | 1.01
 526		 | 0.0013754071		 | 1.02
 527		 | 0.0013728310		 | 1.00
 528		 | 0.0013483351		 | 1.02
 529		 | 0.0013279484		 | 1.02
 530		 | 0.0013349207		 | 0.99
 531		 | 0.0013350285		 | 1.00
 532		 | 0.0013298688		 | 1.00
 533		 | 0.0012994584		 | 1.02
 534		 | 0.0013015288		 | 1.00
 535		 | 0.0012966549		 | 1.00
 536		 | 0.0012870454		 | 1.01
 537		 | 0.0012693417		 | 1.01
 538		 | 0.0012671135		 | 1.00
 539		 | 0.0012489615		 | 1.01
 540		 | 0.0012689537		 | 0.98
 541		 | 0.0012342055		 | 1.03
 542		 | 0.0012241947		 | 1.01
 543		 | 0.0012316088		 | 0.99
 544		 | 0.0012201155		 | 1.01
 545		 | 0.0012008435		 | 1.02
 546		 | 0.0011971414		 | 1.00
 547		 | 0.0011830886		 | 1.01
 548		 | 0.0011687954		 | 1.01
 549		 | 0.0011696116		 | 1.00
 550		 | 0.0011424631		 | 1.02
 551		 | 0.0011398578		 | 1.00
 552		 | 0.0011327855		 | 1.01
 553		 | 0.0011271284		 | 1.01
 554		 | 0.0011211080		 | 1.01
 555		 | 0.0011163497		 | 1.00
 556		 | 0.0010984092		 | 1.02
 557		 | 0.0010902074		 | 1.01
 558		 | 0.0010830305		 | 1.01
 559		 | 0.0010750326		 | 1.01
 560		 | 0.0010707207		 | 1.00
 561		 | 0.0010690699		 | 1.00
 562		 | 0.0010575430		 | 1.01
 563		 | 0.0010544624		 | 1.00
 564		 | 0.0010289381		 | 1.02
 565		 | 0.0010444388		 | 0.99
 566		 | 0.0010263735		 | 1.02
 567		 | 0.0010136789		 | 1.01
 568		 | 0.0010026066		 | 1.01
 569		 | 0.0009946995		 | 1.01
 570		 | 0.0009943223		 | 1.00
 571		 | 0.0009872950		 | 1.01
 572		 | 0.0009771384		 | 1.01
 573		 | 0.0009740678		 | 1.00
 574		 | 0.0009655691		 | 1.01
 575		 | 0.0009528871		 | 1.01
 576		 | 0.0009380307		 | 1.02
 577		 | 0.0009462102		 | 0.99
 578		 | 0.0009302649		 | 1.02
 579		 | 0.0009393244		 | 0.99
 580		 | 0.0009259292		 | 1.01
 581		 | 0.0009161121		 | 1.01
 582		 | 0.0009145968		 | 1.00
 583		 | 0.0008991514		 | 1.02
 584		 | 0.0008908096		 | 1.01
 585		 | 0.0008934696		 | 1.00
 586		 | 0.0008852883		 | 1.01
 587		 | 0.0008730901		 | 1.01
 588		 | 0.0008662942		 | 1.01
 589		 | 0.0008603757		 | 1.01
 590		 | 0.0008560342		 | 1.01
 591		 | 0.0008439894		 | 1.01
 592		 | 0.0008347911		 | 1.01
 593		 | 0.0008366816		 | 1.00
 594		 | 0.0008262562		 | 1.01
 595		 | 0.0008151453		 | 1.01
 596		 | 0.0008075269		 | 1.01
 597		 | 0.0008079687		 | 1.00
 598		 | 0.0007939874		 | 1.02
 599		 | 0.0007884768		 | 1.01
 600		 | 0.0007767514		 | 1.02
 601		 | 0.0007808797		 | 0.99
 602		 | 0.0007720705		 | 1.01
 603		 | 0.0007628705		 | 1.01
 604		 | 0.0007578725		 | 1.01
 605		 | 0.0007569390		 | 1.00
 606		 | 0.0007538245		 | 1.00
 607		 | 0.0007435971		 | 1.01
 608		 | 0.0007367074		 | 1.01
 609		 | 0.0007359850		 | 1.00
 610		 | 0.0007270429		 | 1.01
 611		 | 0.0007176741		 | 1.01
 612		 | 0.0007068817		 | 1.02
 613		 | 0.0007076148		 | 1.00
 614		 | 0.0006894165		 | 1.03
 615		 | 0.0006914514		 | 1.00
 616		 | 0.0006924304		 | 1.00
 617		 | 0.0006860049		 | 1.01
 618		 | 0.0006834692		 | 1.00
 619		 | 0.0006659177		 | 1.03
 620		 | 0.0006679964		 | 1.00
 621		 | 0.0006722642		 | 0.99
 622		 | 0.0006607097		 | 1.02
 623		 | 0.0006539533		 | 1.01
 624		 | 0.0006570439		 | 1.00
 625		 | 0.0006456837		 | 1.02
 626		 | 0.0006388469		 | 1.01
 627		 | 0.0006299845		 | 1.01
 628		 | 0.0006270091		 | 1.00
 629		 | 0.0006191122		 | 1.01
 630		 | 0.0006102443		 | 1.01
 631		 | 0.0006073854		 | 1.00
 632		 | 0.0006027740		 | 1.01
 633		 | 0.0005982195		 | 1.01
 634		 | 0.0005977275		 | 1.00
 635		 | 0.0005896064		 | 1.01
 636		 | 0.0005808612		 | 1.02
 637		 | 0.0005757346		 | 1.01
 638		 | 0.0005693939		 | 1.01
 639		 | 0.0005641534		 | 1.01
 640		 | 0.0005636072		 | 1.00
 641		 | 0.0005662935		 | 1.00
 642		 | 0.0005619984		 | 1.01
 643		 | 0.0005541995		 | 1.01
 644		 | 0.0005460182		 | 1.01
 645		 | 0.0005380446		 | 1.01
 646		 | 0.0005385251		 | 1.00
 647		 | 0.0005357323		 | 1.01
 648		 | 0.0005322667		 | 1.01
 649		 | 0.0005266642		 | 1.01
 650		 | 0.0005144476		 | 1.02
 651		 | 0.0005114154		 | 1.01
 652		 | 0.0005103407		 | 1.00
 653		 | 0.0005102901		 | 1.00
 654		 | 0.0005018485		 | 1.02
 655		 | 0.0004953246		 | 1.01
 656		 | 0.0004901629		 | 1.01
 657		 | 0.0004906355		 | 1.00
 658		 | 0.0004906340		 | 1.00
 659		 | 0.0004804793		 | 1.02
 660		 | 0.0004815328		 | 1.00
 661		 | 0.0004725142		 | 1.02
 662		 | 0.0004651293		 | 1.02
 663		 | 0.0004629544		 | 1.00
 664		 | 0.0004592563		 | 1.01
 665		 | 0.0004560549		 | 1.01
 666		 | 0.0004503001		 | 1.01
 667		 | 0.0004441662		 | 1.01
 668		 | 0.0004372922		 | 1.02
 669		 | 0.0004372247		 | 1.00
 670		 | 0.0004319024		 | 1.01
 671		 | 0.0004325147		 | 1.00
 672		 | 0.0004289261		 | 1.01
 673		 | 0.0004176508		 | 1.03
 674		 | 0.0004134041		 | 1.01
 675		 | 0.0004055303		 | 1.02
 676		 | 0.0004134565		 | 0.98
 677		 | 0.0004087615		 | 1.01
 678		 | 0.0004047602		 | 1.01
 679		 | 0.0004029459		 | 1.00
 680		 | 0.0003914241		 | 1.03
 681		 | 0.0003919418		 | 1.00
 682		 | 0.0003915840		 | 1.00
 683		 | 0.0003911581		 | 1.00
 684		 | 0.0003887355		 | 1.01
 685		 | 0.0003762295		 | 1.03
 686		 | 0.0003709084		 | 1.01
 687		 | 0.0003692204		 | 1.00
 688		 | 0.0003659992		 | 1.01
 689		 | 0.0003628915		 | 1.01
 690		 | 0.0003629584		 | 1.00
 691		 | 0.0003583948		 | 1.01
 692		 | 0.0003516093		 | 1.02
 693		 | 0.0003534855		 | 0.99
 694		 | 0.0003431052		 | 1.03
 695		 | 0.0003418974		 | 1.00
 696		 | 0.0003363109		 | 1.02
 697		 | 0.0003374855		 | 1.00
 698		 | 0.0003357799		 | 1.01
 699		 | 0.0003296785		 | 1.02
 700		 | 0.0003289375		 | 1.00
 701		 | 0.0003275829		 | 1.00
 702		 | 0.0003237278		 | 1.01
 703		 | 0.0003162113		 | 1.02
 704		 | 0.0003149461		 | 1.00
 705		 | 0.0003142991		 | 1.00
 706		 | 0.0003079157		 | 1.02
 707		 | 0.0003050529		 | 1.01
 708		 | 0.0003013075		 | 1.01
 709		 | 0.0003006413		 | 1.00
 710		 | 0.0002965559		 | 1.01
 711		 | 0.0002981982		 | 0.99
 712		 | 0.0002909458		 | 1.02
 713		 | 0.0002894731		 | 1.01
 714		 | 0.0002903634		 | 1.00
 715		 | 0.0002802312		 | 1.04
 716		 | 0.0002829125		 | 0.99
 717		 | 0.0002801066		 | 1.01
 718		 | 0.0002807155		 | 1.00
 719		 | 0.0002709921		 | 1.04
 720		 | 0.0002690364		 | 1.01
 721		 | 0.0002650053		 | 1.02
 722		 | 0.0002636923		 | 1.00
 723		 | 0.0002646097		 | 1.00
 724		 | 0.0002621554		 | 1.01
 725		 | 0.0002583233		 | 1.01
 726		 | 0.0002546757		 | 1.01
 727		 | 0.0002499267		 | 1.02
 728		 | 0.0002517316		 | 0.99
 729		 | 0.0002500121		 | 1.01
 730		 | 0.0002458950		 | 1.02
 731		 | 0.0002421643		 | 1.02
 732		 | 0.0002412895		 | 1.00
 733		 | 0.0002370322		 | 1.02
 734		 | 0.0002359710		 | 1.00
 735		 | 0.0002327595		 | 1.01
 736		 | 0.0002306063		 | 1.01
 737		 | 0.0002257976		 | 1.02
 738		 | 0.0002260326		 | 1.00
 739		 | 0.0002198857		 | 1.03
 740		 | 0.0002170648		 | 1.01
 741		 | 0.0002141849		 | 1.01
 742		 | 0.0002150651		 | 1.00
 743		 | 0.0002135741		 | 1.01
 744		 | 0.0002115354		 | 1.01
 745		 | 0.0002107601		 | 1.00
 746		 | 0.0002116278		 | 1.00
 747		 | 0.0002077863		 | 1.02
 748		 | 0.0002047453		 | 1.01
 749		 | 0.0001977804		 | 1.04
 750		 | 0.0001976994		 | 1.00
 751		 | 0.0001967770		 | 1.00
 752		 | 0.0001961610		 | 1.00
 753		 | 0.0001920026		 | 1.02
 754		 | 0.0001900583		 | 1.01
 755		 | 0.0001856865		 | 1.02
 756		 | 0.0001846536		 | 1.01
 757		 | 0.0001810283		 | 1.02
 758		 | 0.0001801425		 | 1.00
 759		 | 0.0001781850		 | 1.01
 760		 | 0.0001782717		 | 1.00
 761		 | 0.0001713593		 | 1.04
 762		 | 0.0001727435		 | 0.99
 763		 | 0.0001733324		 | 1.00
 764		 | 0.0001712531		 | 1.01
 765		 | 0.0001682570		 | 1.02
 766		 | 0.0001666189		 | 1.01
 767		 | 0.0001656848		 | 1.01
 768		 | 0.0001625475		 | 1.02
 769		 | 0.0001642172		 | 0.99
 770		 | 0.0001621038		 | 1.01
 771		 | 0.0001554976		 | 1.04
 772		 | 0.0001562671		 | 1.00
 773		 | 0.0001525486		 | 1.02
 774		 | 0.0001544786		 | 0.99
 775		 | 0.0001510806		 | 1.02
 776		 | 0.0001472947		 | 1.03
 777		 | 0.0001479491		 | 1.00
 778		 | 0.0001448175		 | 1.02
 779		 | 0.0001461692		 | 0.99
 780		 | 0.0001409915		 | 1.04
 781		 | 0.0001410592		 | 1.00
 782		 | 0.0001376322		 | 1.02
 783		 | 0.0001368007		 | 1.01
 784		 | 0.0001389099		 | 0.98
 785		 | 0.0001359844		 | 1.02
 786		 | 0.0001369794		 | 0.99
 787		 | 0.0001378664		 | 0.99
 788		 | 0.0001367530		 | 1.01
 789		 | 0.0001290784		 | 1.06
 790		 | 0.0001264327		 | 1.02
 791		 | 0.0001294610		 | 0.98
 792		 | 0.0001221939		 | 1.06
 793		 | 0.0001252810		 | 0.98
 794		 | 0.0001209972		 | 1.04
 795		 | 0.0001218685		 | 0.99
 796		 | 0.0001215661		 | 1.00
 797		 | 0.0001189364		 | 1.02
 798		 | 0.0001156748		 | 1.03
 799		 | 0.0001179493		 | 0.98
 800		 | 0.0001139008		 | 1.04
 801		 | 0.0001111348		 | 1.02
 802		 | 0.0001092386		 | 1.02
 803		 | 0.0001121145		 | 0.97
 804		 | 0.0001114956		 | 1.01
 805		 | 0.0001123008		 | 0.99
 806		 | 0.0001052158		 | 1.07
 807		 | 0.0001091912		 | 0.96
 808		 | 0.0001006480		 | 1.08
 809		 | 0.0001031764		 | 0.98
 810		 | 0.0000905932		 | 1.14
 811		 | 0.0000979717		 | 0.92
 812		 | 0.0000941913		 | 1.04
 813		 | 0.0000956216		 | 0.99
 814		 | 0.0000964774		 | 0.99
 815		 | 0.0000961374		 | 1.00
 816		 | 0.0000925934		 | 1.04
 817		 | 0.0000894556		 | 1.04
 818		 | 0.0000900997		 | 0.99
 819		 | 0.0000915603		 | 0.98
 820		 | 0.0000889035		 | 1.03
 821		 | 0.0000908722		 | 0.98
 822		 | 0.0000881939		 | 1.03
 823		 | 0.0000879297		 | 1.00
 824		 | 0.0000860242		 | 1.02
 825		 | 0.0000826031		 | 1.04
 826		 | 0.0000799027		 | 1.03
 827		 | 0.0000807521		 | 0.99
 828		 | 0.0000822808		 | 0.98
 829		 | 0.0000791330		 | 1.04
 830		 | 0.0000758062		 | 1.04
 831		 | 0.0000766081		 | 0.99
 832		 | 0.0000734234		 | 1.04
 833		 | 0.0000716898		 | 1.02
 834		 | 0.0000729477		 | 0.98
 835		 | 0.0000713286		 | 1.02
 836		 | 0.0000710552		 | 1.00
 837		 | 0.0000677626		 | 1.05
 838		 | 0.0000691741		 | 0.98
 839		 | 0.0000685010		 | 1.01
 840		 | 0.0000689037		 | 0.99
 841		 | 0.0000695894		 | 0.99
 842		 | 0.0000661689		 | 1.05
 843		 | 0.0000657000		 | 1.01
 844		 | 0.0000652733		 | 1.01
 845		 | 0.0000650126		 | 1.00
 846		 | 0.0000640126		 | 1.02
 847		 | 0.0000622075		 | 1.03
 848		 | 0.0000583280		 | 1.07
 849		 | 0.0000574378		 | 1.02
 850		 | 0.0000599860		 | 0.96
 851		 | 0.0000600745		 | 1.00
 852		 | 0.0000570787		 | 1.05
 853		 | 0.0000546651		 | 1.04
 854		 | 0.0000536692		 | 1.02
 855		 | 0.0000542595		 | 0.99
 856		 | 0.0000555202		 | 0.98
 857		 | 0.0000551921		 | 1.01
 858		 | 0.0000550888		 | 1.00
 859		 | 0.0000527485		 | 1.04
 860		 | 0.0000514012		 | 1.03
 861		 | 0.0000486332		 | 1.06
 862		 | 0.0000524455		 | 0.93
 863		 | 0.0000508173		 | 1.03
 864		 | 0.0000494575		 | 1.03
 865		 | 0.0000468440		 | 1.06
 866		 | 0.0000454215		 | 1.03
 867		 | 0.0000447505		 | 1.01
 868		 | 0.0000455556		 | 0.98
 869		 | 0.0000433565		 | 1.05
 870		 | 0.0000408406		 | 1.06
 871		 | 0.0000406664		 | 1.00
 872		 | 0.0000414762		 | 0.98
 873		 | 0.0000401011		 | 1.03
 874		 | 0.0000419198		 | 0.96
 875		 | 0.0000373894		 | 1.12
 876		 | 0.0000382733		 | 0.98
 877		 | 0.0000374466		 | 1.02
 878		 | 0.0000375753		 | 1.00
 879		 | 0.0000338087		 | 1.11
 880		 | 0.0000358124		 | 0.94
 881		 | 0.0000312859		 | 1.14
 882		 | 0.0000309865		 | 1.01
 883		 | 0.0000320402		 | 0.97
 884		 | 0.0000337980		 | 0.95
 885		 | 0.0000322595		 | 1.05
 886		 | 0.0000327200		 | 0.99
 887		 | 0.0000302718		 | 1.08
 888		 | 0.0000309261		 | 0.98
 889		 | 0.0000285179		 | 1.08
 890		 | 0.0000289353		 | 0.99
 891		 | 0.0000270158		 | 1.07
 892		 | 0.0000290379		 | 0.93
 893		 | 0.0000255638		 | 1.14
 894		 | 0.0000287733		 | 0.89
 895		 | 0.0000251833		 | 1.14
 896		 | 0.0000253639		 | 0.99
 897		 | 0.0000246821		 | 1.03
 898		 | 0.0000231174		 | 1.07
 899		 | 0.0000224834		 | 1.03
 900		 | 0.0000224465		 | 1.00
 901		 | 0.0000226406		 | 0.99
 902		 | 0.0000221787		 | 1.02
 903		 | 0.0000222330		 | 1.00
 904		 | 0.0000243700		 | 0.91
 905		 | 0.0000223906		 | 1.09
 906		 | 0.0000225291		 | 0.99
 907		 | 0.0000219139		 | 1.03
 908		 | 0.0000237509		 | 0.92
 909		 | 0.0000210025		 | 1.13
 910		 | 0.0000205264		 | 1.02
 911		 | 0.0000202905		 | 1.01
 912		 | 0.0000194432		 | 1.04
 913		 | 0.0000195453		 | 0.99
 914		 | 0.0000177172		 | 1.10
 915		 | 0.0000204896		 | 0.86
 916		 | 0.0000182133		 | 1.12
 917		 | 0.0000173625		 | 1.05
 918		 | 0.0000167532		 | 1.04
 919		 | 0.0000183645		 | 0.91
 920		 | 0.0000179410		 | 1.02
 921		 | 0.0000184128		 | 0.97
 922		 | 0.0000169147		 | 1.09
 923		 | 0.0000152939		 | 1.11
 924		 | 0.0000161836		 | 0.95
 925		 | 0.0000150513		 | 1.08
 926		 | 0.0000173046		 | 0.87
 927		 | 0.0000171423		 | 1.01
 928		 | 0.0000145933		 | 1.17
 929		 | 0.0000134321		 | 1.09
 930		 | 0.0000120877		 | 1.11
 931		 | 0.0000135653		 | 0.89
 932		 | 0.0000133044		 | 1.02
 933		 | 0.0000125101		 | 1.06
 934		 | 0.0000114599		 | 1.09
 935		 | 0.0000106934		 | 1.07
 936		 | 0.0000109277		 | 0.98
 937		 | 0.0000112896		 | 0.97
 938		 | 0.0000112063		 | 1.01
 939		 | 0.0000107320		 | 1.04
 940		 | 0.0000091861		 | 1.17
 941		 | 0.0000089598		 | 1.03
 942		 | 0.0000082240		 | 1.09
 943		 | 0.0000096083		 | 0.86
 944		 | 0.0000091480		 | 1.05
 945		 | 0.0000096485		 | 0.95
 946		 | 0.0000073746		 | 1.31
 947		 | 0.0000076090		 | 0.97
 948		 | 0.0000073534		 | 1.03
 949		 | 0.0000082474		 | 0.89
 950		 | 0.0000076589		 | 1.08
 951		 | 0.0000058801		 | 1.30
 952		 | 0.0000045431		 | 1.29
 953		 | 0.0000047741		 | 0.95
 954		 | 0.0000044450		 | 1.07
 955		 | 0.0000057084		 | 0.78
 956		 | 0.0000061942		 | 0.92
 957		 | 0.0000070144		 | 0.88
 958		 | 0.0000043965		 | 1.60
 959		 | 0.0000038194		 | 1.15
 960		 | 0.0000011957		 | 3.19
 961		 | 0.0000044294		 | 0.27
 962		 | 0.0000040787		 | 1.09
 963		 | 0.0000042181		 | 0.97
 964		 | 0.0000034791		 | 1.21
 965		 | 0.0000029661		 | 1.17
 966		 | 0.0000028128		 | 1.05
 967		 | 0.0000035656		 | 0.79
 968		 | 0.0000041972		 | 0.85
 969		 | 0.0000040353		 | 1.04
 970		 | 0.0000036567		 | 1.10
 971		 | 0.0000033793		 | 1.08
 972		 | 0.0000036031		 | 0.94
 973		 | 0.0000041822		 | 0.86
 974		 | 0.0000033472		 | 1.25
 975		 | 0.0000040553		 | 0.83
 976		 | 0.0000030506		 | 1.33
 977		 | 0.0000038081		 | 0.80
 978		 | 0.0000034504		 | 1.10
 979		 | 0.0000048686		 | 0.71
 980		 | 0.0000051700		 | 0.94
 981		 | 0.0000048778		 | 1.06
 982		 | 0.0000042508		 | 1.15
 983		 | 0.0000040719		 | 1.04
 984		 | 0.0000042171		 | 0.97
 985		 | 0.0000047927		 | 0.88
 986		 | 0.0000045987		 | 1.04
 987		 | 0.0000036843		 | 1.25
 988		 | 0.0000040952		 | 0.90
 989		 | 0.0000033474		 | 1.22
 990		 | 0.0000036965		 | 0.91
 991		 | 0.0000033780		 | 1.09
 992		 | 0.0000028251		 | 1.20
 993		 | 0.0000027313		 | 1.03
 994		 | 0.0000019108		 | 1.43
 995		 | 0.0000017705		 | 1.08
 996		 | 0.0000025367		 | 0.70
 997		 | 0.0000019073		 | 1.33
 998		 | 0.0000021474		 | 0.89
 999		 | 0.0000016131		 | 1.33
1000		 | 0.0000012481		 | 1.29