Resize Kernel: Bicubic b 0.33 c 0.33
Native resolution(s) (best guess): 720p
Please check the graph manually for more accurate results

Raw data:
Resolution	 | Relative Error	 | Relative difference from last
 500		 | 0.0002019062		 | 0.00
 501		 | 0.0002004799		 | 1.01
 502		 | 0.0002037667		 | 0.98
 503		 | 0.0002030445		 | 1.00
 504		 | 0.0001962149		 | 1.03
 505		 | 0.0001923575		 | 1.02
 506		 | 0.0001944909		 | 0.99
 507		 | 0.0001947645		 | 1.00
 508		 | 0.0001900121		 | 1.03
 509		 | 0.0001892688		 | 1.00
 510		 | 0.0001902918		 | 0.99
 511		 | 0.0001834993		 | 1.04
 512		 | 0.0001856835		 | 0.99
 513		 | 0.0001846275		 | 1.01
 514		 | 0.0001809086		 | 1.02
 515		 | 0.0001787513		 | 1.01
 516		 | 0.0001809171		 | 0.99
 517		 | 0.0001769100		 | 1.02
 518		 | 0.0001767300		 | 1.00
 519		 | 0.0001757033		 | 1.01
 520		 | 0.0001737885		 | 1.01
 521		 | 0.0001672354		 | 1.04
 522		 | 0.0001732977		 | 0.97
 523		 | 0.0001685781		 | 1.03
 524		 | 0.0001667873		 | 1.01
 525		 | 0.0001653125		 | 1.01
 526		 | 0.0001693854		 | 0.98
 527		 | 0.0001597810		 | 1.06
 528		 | 0.0001607834		 | 0.99
 529		 | 0.0001624662		 | 0.99
 530		 | 0.0001600500		 | 1.02
 531		 | 0.0001605307		 | 1.00
 532		 | 0.0001574036		 | 1.02
 533		 | 0.0001510171		 | 1.04
 534		 | 0.0001540985		 | 0.98
 535		 | 0.0001553281		 | 0.99
 536		 | 0.0001548187		 | 1.00
 537		 | 0.0001518184		 | 1.02
 538		 | 0.0001490774		 | 1.02
 539		 | 0.0001478274		 | 1.01
 540		 | 0.0001474542		 | 1.00
 541		 | 0.0001448787		 | 1.02
 542		 | 0.0001472079		 | 0.98
 543		 | 0.0001486652		 | 0.99
 544		 | 0.0001421120		 | 1.05
 545		 | 0.0001410505		 | 1.01
 546		 | 0.0001431441		 | 0.99
 547		 | 0.0001401998		 | 1.02
 548		 | 0.0001363183		 | 1.03
 549		 | 0.0001360063		 | 1.00
 550		 | 0.0001334365		 | 1.02
 551		 | 0.0001340794		 | 1.00
 552		 | 0.0001320678		 | 1.02
 553		 | 0.0001360019		 | 0.97
 554		 | 0.0001331291		 | 1.02
 555		 | 0.0001301332		 | 1.02
 556		 | 0.0001294682		 | 1.01
 557		 | 0.0001293284		 | 1.00
 558		 | 0.0001263895		 | 1.02
 559		 | 0.0001284053		 | 0.98
 560		 | 0.0001246213		 | 1.03
 561		 | 0.0001238921		 | 1.01
 562		 | 0.0001224146		 | 1.01
 563		 | 0.0001230317		 | 0.99
 564		 | 0.0001233033		 | 1.00
 565		 | 0.0001234371		 | 1.00
 566		 | 0.0001194825		 | 1.03
 567		 | 0.0001160414		 | 1.03
 568		 | 0.0001202840		 | 0.96
 569		 | 0.0001173934		 | 1.02
 570		 | 0.0001163405		 | 1.01
 571		 | 0.0001154894		 | 1.01
 572		 | 0.0001180528		 | 0.98
 573		 | 0.0001124633		 | 1.05
 574		 | 0.0001145767		 | 0.98
 575		 | 0.0001145103		 | 1.00
 576		 | 0.0001092336		 | 1.05
 577		 | 0.0001098110		 | 0.99
 578		 | 0.0001099564		 | 1.00
 579		 | 0.0001079739		 | 1.02
 580		 | 0.0001108420		 | 0.97
 581		 | 0.0001095771		 | 1.01
 582		 | 0.0001096658		 | 1.00
 583		 | 0.0001054536		 | 1.04
 584		 | 0.0001039914		 | 1.01
 585		 | 0.0001052624		 | 0.99
 586		 | 0.0001066097		 | 0.99
 587		 | 0.0001020557		 | 1.04
 588		 | 0.0001002022		 | 1.02
 589		 | 0.0001011479		 | 0.99
 590		 | 0.0000998313		 | 1.01
 591		 | 0.0000949047		 | 1.05
 592		 | 0.0001004553		 | 0.94
 593		 | 0.0001080801		 | 0.93
 594		 | 0.0000992947		 | 1.09
 595		 | 0.0000946547		 | 1.05
 596		 | 0.0000979471		 | 0.97
 597		 | 0.0000965330		 | 1.01
 598		 | 0.0000937980		 | 1.03
 599		 | 0.0000952970		 | 0.98
 600		 | 0.0000984110		 | 0.97
 601		 | 0.0000941106		 | 1.05
 602		 | 0.0000916291		 | 1.03
 603		 | 0.0000915700		 | 1.00
 604		 | 0.0000919991		 | 1.00
 605		 | 0.0000929694		 | 0.99
 606		 | 0.0000951364		 | 0.98
 607		 | 0.0000886196		 | 1.07
 608		 | 0.0000871307		 | 1.02
 609		 | 0.0000893675		 | 0.97
 610		 | 0.0000880825		 | 1.01
 611		 | 0.0000874188		 | 1.01
 612		 | 0.0000871579		 | 1.00
 613		 | 0.0000856333		 | 1.02
 614		 | 0.0000852709		 | 1.00
 615		 | 0.0000847113		 | 1.01
 616		 | 0.0000837102		 | 1.01
 617		 | 0.0000851616		 | 0.98
 618		 | 0.0000846948		 | 1.01
 619		 | 0.0000861745		 | 0.98
 620		 | 0.0000788822		 | 1.09
 621		 | 0.0000790870		 | 1.00
 622		 | 0.0000859381		 | 0.92
 623		 | 0.0000839466		 | 1.02
 624		 | 0.0000808542		 | 1.04
 625		 | 0.0000789301		 | 1.02
 626		 | 0.0000787556		 | 1.00
 627		 | 0.0000808286		 | 0.97
 628		 | 0.0000767041		 | 1.05
 629		 | 0.0000755380		 | 1.02
 630		 | 0.0000760310		 | 0.99
 631		 | 0.0000773659		 | 0.98
 632		 | 0.0000730981		 | 1.06
 633		 | 0.0000741200		 | 0.99
 634		 | 0.0000754902		 | 0.98
 635		 | 0.0000750382		 | 1.01
 636		 | 0.0000740872		 | 1.01
 637		 | 0.0000746216		 | 0.99
 638		 | 0.0000714271		 | 1.04
 639		 | 0.0000732419		 | 0.98
 640		 | 0.0000736318		 | 0.99
 641		 | 0.0000749713		 | 0.98
 642		 | 0.0000728755		 | 1.03
 643		 | 0.0000701520		 | 1.04
 644		 | 0.0000703080		 | 1.00
 645		 | 0.0000688522		 | 1.02
 646		 | 0.0000693976		 | 0.99
 647		 | 0.0000718264		 | 0.97
 648		 | 0.0000687305		 | 1.05
 649		 | 0.0000697776		 | 0.98
 650		 | 0.0000681457		 | 1.02
 651		 | 0.0000647672		 | 1.05
 652		 | 0.0000672613		 | 0.96
 653		 | 0.0000707513		 | 0.95
 654		 | 0.0000653757		 | 1.08
 655		 | 0.0000641364		 | 1.02
 656		 | 0.0000653927		 | 0.98
 657		 | 0.0000650093		 | 1.01
 658		 | 0.0000655746		 | 0.99
 659		 | 0.0000673698		 | 0.97
 660		 | 0.0000650500		 | 1.04
 661		 | 0.0000640281		 | 1.02
 662		 | 0.0000635083		 | 1.01
 663		 | 0.0000644041		 | 0.99
 664		 | 0.0000658805		 | 0.98
 665		 | 0.0000650383		 | 1.01
 666		 | 0.0000648852		 | 1.00
 667		 | 0.0000596860		 | 1.09
 668		 | 0.0000590894		 | 1.01
 669		 | 0.0000590301		 | 1.00
 670		 | 0.0000640914		 | 0.92
 671		 | 0.0000654305		 | 0.98
 672		 | 0.0000590982		 | 1.11
 673		 | 0.0000572497		 | 1.03
 674		 | 0.0000610729		 | 0.94
 675		 | 0.0000597839		 | 1.02
 676		 | 0.0000587918		 | 1.02
 677		 | 0.0000634503		 | 0.93
 678		 | 0.0000622425		 | 1.02
 679		 | 0.0000546840		 | 1.14
 680		 | 0.0000529897		 | 1.03
 681		 | 0.0000589278		 | 0.90
 682		 | 0.0000637267		 | 0.92
 683		 | 0.0000558311		 | 1.14
 684		 | 0.0000535360		 | 1.04
 685		 | 0.0000566537		 | 0.94
 686		 | 0.0000543933		 | 1.04
 687		 | 0.0000541338		 | 1.00
 688		 | 0.0000580525		 | 0.93
 689		 | 0.0000650641		 | 0.89
 690		 | 0.0000546831		 | 1.19
 691		 | 0.0000491791		 | 1.11
 692		 | 0.0000539353		 | 0.91
 693		 | 0.0000523805		 | 1.03
 694		 | 0.0000554419		 | 0.94
 695		 | 0.0000504051		 | 1.10
 696		 | 0.0000520765		 | 0.97
 697		 | 0.0000520154		 | 1.00
 698		 | 0.0000522023		 | 1.00
 699		 | 0.0000498584		 | 1.05
 700		 | 0.0000504248		 | 0.99
 701		 | 0.0000472197		 | 1.07
 702		 | 0.0000461406		 | 1.02
 703		 | 0.0000506122		 | 0.91
 704		 | 0.0000558565		 | 0.91
 705		 | 0.0000582381		 | 0.96
 706		 | 0.0000555533		 | 1.05
 707		 | 0.0000437070		 | 1.27
 708		 | 0.0000399611		 | 1.09
 709		 | 0.0000434544		 | 0.92
 710		 | 0.0000486270		 | 0.89
 711		 | 0.0000509947		 | 0.95
 712		 | 0.0000411729		 | 1.24
 713		 | 0.0000365585		 | 1.13
 714		 | 0.0000372333		 | 0.98
 715		 | 0.0000577798		 | 0.64
 716		 | 0.0000552244		 | 1.05
 717		 | 0.0000453254		 | 1.22
 718		 | 0.0000633416		 | 0.72
 719		 | 0.0000424572		 | 1.49
 720		 | 0.0000002747		 | 154.54
 721		 | 0.0000371664		 | 0.01
 722		 | 0.0000603725		 | 0.62
 723		 | 0.0000651867		 | 0.93
 724		 | 0.0000434935		 | 1.50
 725		 | 0.0000524056		 | 0.83
 726		 | 0.0000477845		 | 1.10
 727		 | 0.0000347559		 | 1.37
 728		 | 0.0000370540		 | 0.94
 729		 | 0.0000453079		 | 0.82
 730		 | 0.0000434374		 | 1.04
 731		 | 0.0000381580		 | 1.14
 732		 | 0.0000309017		 | 1.23
 733		 | 0.0000354200		 | 0.87
 734		 | 0.0000432418		 | 0.82
 735		 | 0.0000456432		 | 0.95
 736		 | 0.0000468641		 | 0.97
 737		 | 0.0000421972		 | 1.11
 738		 | 0.0000369410		 | 1.14
 739		 | 0.0000380652		 | 0.97
 740		 | 0.0000383734		 | 0.99
 741		 | 0.0000374113		 | 1.03
 742		 | 0.0000423628		 | 0.88
 743		 | 0.0000416363		 | 1.02
 744		 | 0.0000370827		 | 1.12
 745		 | 0.0000382102		 | 0.97
 746		 | 0.0000398778		 | 0.96
 747		 | 0.0000385684		 | 1.03
 748		 | 0.0000364150		 | 1.06
 749		 | 0.0000334474		 | 1.09
 750		 | 0.0000386017		 | 0.87
 751		 | 0.0000392233		 | 0.98
 752		 | 0.0000413143		 | 0.95
 753		 | 0.0000386805		 | 1.07
 754		 | 0.0000358981		 | 1.08
 755		 | 0.0000373259		 | 0.96
 756		 | 0.0000338787		 | 1.10
 757		 | 0.0000350095		 | 0.97
 758		 | 0.0000412511		 | 0.85
 759		 | 0.0000389685		 | 1.06
 760		 | 0.0000345495		 | 1.13
 761		 | 0.0000314214		 | 1.10
 762		 | 0.0000375205		 | 0.84
 763		 | 0.0000383092		 | 0.98
 764		 | 0.0000356431		 | 1.07
 765		 | 0.0000337892		 | 1.05
 766		 | 0.0000363241		 | 0.93
 767		 | 0.0000324533		 | 1.12
 768		 | 0.0000325590		 | 1.00
 769		 | 0.0000347207		 | 0.94
 770		 | 0.0000366502		 | 0.95
 771		 | 0.0000342075		 | 1.07
 772		 | 0.0000327792		 | 1.04
 773		 | 0.0000311587		 | 1.05
 774		 | 0.0000350056		 | 0.89
 775		 | 0.0000335337		 | 1.04
 776		 | 0.0000346835		 | 0.97
 777		 | 0.0000331356		 | 1.05
 778		 | 0.0000344467		 | 0.96
 779		 | 0.0000292677		 | 1.18
 780		 | 0.0000327021		 | 0.89
 781		 | 0.0000323116		 | 1.01
 782		 | 0.0000310121		 | 1.04
 783		 | 0.0000307334		 | 1.01
 784		 | 0.0000306974		 | 1.00
 785		 | 0.0000280737		 | 1.09
 786		 | 0.0000286461		 | 0.98
 787		 | 0.0000307736		 | 0.93
 788		 | 0.0000311067		 | 0.99
 789		 | 0.0000292528		 | 1.06
 790		 | 0.0000296620		 | 0.99
 791		 | 0.0000296768		 | 1.00
 792		 | 0.0000277406		 | 1.07
 793		 | 0.0000296366		 | 0.94
 794		 | 0.0000289681		 | 1.02
 795		 | 0.0000279008		 | 1.04
 796		 | 0.0000270284		 | 1.03
 797		 | 0.0000287411		 | 0.94
 798		 | 0.0000275763		 | 1.04
 799		 | 0.0000278650		 | 0.99
 800		 | 0.0000273310		 | 1.02
 801		 | 0.0000274769		 | 0.99
 802		 | 0.0000261106		 | 1.05
 803		 | 0.0000272435		 | 0.96
 804		 | 0.0000256687		 | 1.06
 805		 | 0.0000263300		 | 0.97
 806		 | 0.0000271878		 | 0.97
 807		 | 0.0000263894		 | 1.03
 808		 | 0.0000248900		 | 1.06
 809		 | 0.0000258260		 | 0.96
 810		 | 0.0000255619		 | 1.01
 811		 | 0.0000250032		 | 1.02
 812		 | 0.0000248458		 | 1.01
 813		 | 0.0000241080		 | 1.03
 814		 | 0.0000249442		 | 0.97
 815		 | 0.0000264698		 | 0.94
 816		 | 0.0000233105		 | 1.14
 817		 | 0.0000252551		 | 0.92
 818		 | 0.0000262295		 | 0.96
 819		 | 0.0000240075		 | 1.09
 820		 | 0.0000224897		 | 1.07
 821		 | 0.0000247164		 | 0.91
 822		 | 0.0000244407		 | 1.01
 823		 | 0.0000232629		 | 1.05
 824		 | 0.0000232695		 | 1.00
 825		 | 0.0000224214		 | 1.04
 826		 | 0.0000219893		 | 1.02
 827		 | 0.0000239072		 | 0.92
 828		 | 0.0000231138		 | 1.03
 829		 | 0.0000220699		 | 1.05
 830		 | 0.0000227679		 | 0.97
 831		 | 0.0000235923		 | 0.97
 832		 | 0.0000205649		 | 1.15
 833		 | 0.0000215736		 | 0.95
 834		 | 0.0000229158		 | 0.94
 835		 | 0.0000233583		 | 0.98
 836		 | 0.0000217007		 | 1.08
 837		 | 0.0000213255		 | 1.02
 838		 | 0.0000214514		 | 0.99
 839		 | 0.0000208626		 | 1.03
 840		 | 0.0000204561		 | 1.02
 841		 | 0.0000228847		 | 0.89
 842		 | 0.0000205583		 | 1.11
 843		 | 0.0000177384		 | 1.16
 844		 | 0.0000219831		 | 0.81
 845		 | 0.0000189067		 | 1.16
 846		 | 0.0000202719		 | 0.93
 847		 | 0.0000240391		 | 0.84
 848		 | 0.0000203938		 | 1.18
 849		 | 0.0000201541		 | 1.01
 850		 | 0.0000178775		 | 1.13
 851		 | 0.0000187250		 | 0.95
 852		 | 0.0000184647		 | 1.01
 853		 | 0.0000184093		 | 1.00
 854		 | 0.0000202119		 | 0.91
 855		 | 0.0000197037		 | 1.03
 856		 | 0.0000191853		 | 1.03
 857		 | 0.0000180454		 | 1.06
 858		 | 0.0000183043		 | 0.99
 859		 | 0.0000188654		 | 0.97
 860		 | 0.0000198157		 | 0.95
 861		 | 0.0000176177		 | 1.12
 862		 | 0.0000183954		 | 0.96
 863		 | 0.0000184759		 | 1.00
 864		 | 0.0000168178		 | 1.10
 865		 | 0.0000165869		 | 1.01
 866		 | 0.0000174028		 | 0.95
 867		 | 0.0000170258		 | 1.02
 868		 | 0.0000177817		 | 0.96
 869		 | 0.0000174938		 | 1.02
 870		 | 0.0000167248		 | 1.05
 871		 | 0.0000165659		 | 1.01
 872		 | 0.0000154300		 | 1.07
 873		 | 0.0000152438		 | 1.01
 874		 | 0.0000169680		 | 0.90
 875		 | 0.0000144758		 | 1.17
 876		 | 0.0000149678		 | 0.97
 877		 | 0.0000160294		 | 0.93
 878		 | 0.0000157136		 | 1.02
 879		 | 0.0000138878		 | 1.13
 880		 | 0.0000155491		 | 0.89
 881		 | 0.0000144597		 | 1.08
 882		 | 0.0000151027		 | 0.96
 883		 | 0.0000149174		 | 1.01
 884		 | 0.0000141863		 | 1.05
 885		 | 0.0000133808		 | 1.06
 886		 | 0.0000159829		 | 0.84
 887		 | 0.0000132329		 | 1.21
 888		 | 0.0000139834		 | 0.95
 889		 | 0.0000134798		 | 1.04
 890		 | 0.0000145800		 | 0.92
 891		 | 0.0000145852		 | 1.00
 892		 | 0.0000115716		 | 1.26
 893		 | 0.0000122223		 | 0.95
 894		 | 0.0000146800		 | 0.83
 895		 | 0.0000143579		 | 1.02
 896		 | 0.0000124624		 | 1.15
 897		 | 0.0000144035		 | 0.87
 898		 | 0.0000120053		 | 1.20
 899		 | 0.0000093541		 | 1.28
 900		 | 0.0000188101		 | 0.50
 901		 | 0.0000101262		 | 1.86
 902		 | 0.0000115762		 | 0.87
 903		 | 0.0000131126		 | 0.88
 904		 | 0.0000143701		 | 0.91
 905		 | 0.0000108364		 | 1.33
 906		 | 0.0000142101		 | 0.76
 907		 | 0.0000108668		 | 1.31
 908		 | 0.0000098136		 | 1.11
 909		 | 0.0000118495		 | 0.83
 910		 | 0.0000118821		 | 1.00
 911		 | 0.0000111250		 | 1.07
 912		 | 0.0000106089		 | 1.05
 913		 | 0.0000109888		 | 0.97
 914		 | 0.0000110379		 | 1.00
 915		 | 0.0000109534		 | 1.01
 916		 | 0.0000102538		 | 1.07
 917		 | 0.0000098985		 | 1.04
 918		 | 0.0000109772		 | 0.90
 919		 | 0.0000096690		 | 1.14
 920		 | 0.0000102040		 | 0.95
 921		 | 0.0000091553		 | 1.11
 922		 | 0.0000102162		 | 0.90
 923		 | 0.0000099401		 | 1.03
 924		 | 0.0000102723		 | 0.97
 925		 | 0.0000085793		 | 1.20
 926		 | 0.0000106602		 | 0.80
 927		 | 0.0000085515		 | 1.25
 928		 | 0.0000086488		 | 0.99
 929		 | 0.0000094003		 | 0.92
 930		 | 0.0000098712		 | 0.95
 931		 | 0.0000080375		 | 1.23
 932		 | 0.0000097043		 | 0.83
 933		 | 0.0000084361		 | 1.15
 934		 | 0.0000086932		 | 0.97
 935		 | 0.0000082824		 | 1.05
 936		 | 0.0000077675		 | 1.07
 937		 | 0.0000083088		 | 0.93
 938		 | 0.0000088431		 | 0.94
 939		 | 0.0000080853		 | 1.09
 940		 | 0.0000088987		 | 0.91
 941		 | 0.0000083154		 | 1.07
 942		 | 0.0000091726		 | 0.91
 943		 | 0.0000072382		 | 1.27
 944		 | 0.0000073501		 | 0.98
 945		 | 0.0000083238		 | 0.88
 946		 | 0.0000089871		 | 0.93
 947		 | 0.0000067376		 | 1.33
 948		 | 0.0000063708		 | 1.06
 949		 | 0.0000071030		 | 0.90
 950		 | 0.0000076883		 | 0.92
 951		 | 0.0000059507		 | 1.29
 952		 | 0.0000080574		 | 0.74
 953		 | 0.0000082171		 | 0.98
 954		 | 0.0000060152		 | 1.37
 955		 | 0.0000070075		 | 0.86
 956		 | 0.0000061891		 | 1.13
 957		 | 0.0000056061		 | 1.10
 958		 | 0.0000053029		 | 1.06
 959		 | 0.0000064974		 | 0.82
 960		 | 0.0000053519		 | 1.21
 961		 | 0.0000067924		 | 0.79
 962		 | 0.0000063649		 | 1.07
 963		 | 0.0000057805		 | 1.10
 964		 | 0.0000046133		 | 1.25
 965		 | 0.0000070990		 | 0.65
 966		 | 0.0000076003		 | 0.93
 967		 | 0.0000054636		 | 1.39
 968		 | 0.0000041874		 | 1.30
 969		 | 0.0000050838		 | 0.82
 970		 | 0.0000049846		 | 1.02
 971		 | 0.0000039470		 | 1.26
 972		 | 0.0000051661		 | 0.76
 973		 | 0.0000057200		 | 0.90
 974		 | 0.0000047983		 | 1.19
 975		 | 0.0000040891		 | 1.17
 976		 | 0.0000037097		 | 1.10
 977		 | 0.0000045712		 | 0.81
 978		 | 0.0000045302		 | 1.01
 979		 | 0.0000043399		 | 1.04
 980		 | 0.0000044542		 | 0.97
 981		 | 0.0000042832		 | 1.04
 982		 | 0.0000039762		 | 1.08
 983		 | 0.0000040366		 | 0.99
 984		 | 0.0000035808		 | 1.13
 985		 | 0.0000051021		 | 0.70
 986		 | 0.0000041197		 | 1.24
 987		 | 0.0000037778		 | 1.09
 988		 | 0.0000029282		 | 1.29
 989		 | 0.0000027074		 | 1.08
 990		 | 0.0000051644		 | 0.52
 991		 | 0.0000026662		 | 1.94
 992		 | 0.0000027504		 | 0.97
 993		 | 0.0000031006		 | 0.89
 994		 | 0.0000037468		 | 0.83
 995		 | 0.0000028897		 | 1.30
 996		 | 0.0000030538		 | 0.95
 997		 | 0.0000031444		 | 0.97
 998		 | 0.0000026691		 | 1.18
 999		 | 0.0000023689		 | 1.13
1000		 | 0.0000032504		 | 0.73