Resize Kernel: Bicubic b 0.33 c 0.33
Native resolution(s) (best guess): 720p, 901p
Please check the graph manually for more accurate results

Raw data:
Resolution	 | Relative Error	 | Relative difference from last
 500		 | 0.0006343359		 | 0.00
 501		 | 0.0006399882		 | 0.99
 502		 | 0.0006371642		 | 1.00
 503		 | 0.0006253474		 | 1.02
 504		 | 0.0006171709		 | 1.01
 505		 | 0.0006330865		 | 0.97
 506		 | 0.0006134877		 | 1.03
 507		 | 0.0006097018		 | 1.01
 508		 | 0.0006046274		 | 1.01
 509		 | 0.0006130602		 | 0.99
 510		 | 0.0006075253		 | 1.01
 511		 | 0.0005970609		 | 1.02
 512		 | 0.0006019395		 | 0.99
 513		 | 0.0005943657		 | 1.01
 514		 | 0.0005911273		 | 1.01
 515		 | 0.0005814526		 | 1.02
 516		 | 0.0005746567		 | 1.01
 517		 | 0.0005814156		 | 0.99
 518		 | 0.0005751867		 | 1.01
 519		 | 0.0005781678		 | 0.99
 520		 | 0.0005666223		 | 1.02
 521		 | 0.0005568184		 | 1.02
 522		 | 0.0005583128		 | 1.00
 523		 | 0.0005586204		 | 1.00
 524		 | 0.0005506169		 | 1.01
 525		 | 0.0005498347		 | 1.00
 526		 | 0.0005537237		 | 0.99
 527		 | 0.0005431394		 | 1.02
 528		 | 0.0005271114		 | 1.03
 529		 | 0.0005362572		 | 0.98
 530		 | 0.0005385527		 | 1.00
 531		 | 0.0005286246		 | 1.02
 532		 | 0.0005248509		 | 1.01
 533		 | 0.0005283665		 | 0.99
 534		 | 0.0005251711		 | 1.01
 535		 | 0.0005159755		 | 1.02
 536		 | 0.0005064158		 | 1.02
 537		 | 0.0005082561		 | 1.00
 538		 | 0.0005003589		 | 1.02
 539		 | 0.0004966070		 | 1.01
 540		 | 0.0005111944		 | 0.97
 541		 | 0.0004948190		 | 1.03
 542		 | 0.0004978711		 | 0.99
 543		 | 0.0004917972		 | 1.01
 544		 | 0.0004837424		 | 1.02
 545		 | 0.0004741207		 | 1.02
 546		 | 0.0004830171		 | 0.98
 547		 | 0.0004854443		 | 0.99
 548		 | 0.0004704515		 | 1.03
 549		 | 0.0004703610		 | 1.00
 550		 | 0.0004723987		 | 1.00
 551		 | 0.0004607317		 | 1.03
 552		 | 0.0004555241		 | 1.01
 553		 | 0.0004466804		 | 1.02
 554		 | 0.0004643426		 | 0.96
 555		 | 0.0004572304		 | 1.02
 556		 | 0.0004465384		 | 1.02
 557		 | 0.0004432721		 | 1.01
 558		 | 0.0004394896		 | 1.01
 559		 | 0.0004424551		 | 0.99
 560		 | 0.0004339457		 | 1.02
 561		 | 0.0004347434		 | 1.00
 562		 | 0.0004344597		 | 1.00
 563		 | 0.0004291466		 | 1.01
 564		 | 0.0004211161		 | 1.02
 565		 | 0.0004202676		 | 1.00
 566		 | 0.0004300328		 | 0.98
 567		 | 0.0004140528		 | 1.04
 568		 | 0.0004073019		 | 1.02
 569		 | 0.0004050989		 | 1.01
 570		 | 0.0004076798		 | 0.99
 571		 | 0.0004102149		 | 0.99
 572		 | 0.0004029045		 | 1.02
 573		 | 0.0003945590		 | 1.02
 574		 | 0.0003965616		 | 0.99
 575		 | 0.0003915819		 | 1.01
 576		 | 0.0003912420		 | 1.00
 577		 | 0.0003977832		 | 0.98
 578		 | 0.0003799491		 | 1.05
 579		 | 0.0003805430		 | 1.00
 580		 | 0.0003738669		 | 1.02
 581		 | 0.0003784727		 | 0.99
 582		 | 0.0003779351		 | 1.00
 583		 | 0.0003772480		 | 1.00
 584		 | 0.0003705708		 | 1.02
 585		 | 0.0003454117		 | 1.07
 586		 | 0.0003615815		 | 0.96
 587		 | 0.0003648862		 | 0.99
 588		 | 0.0003738037		 | 0.98
 589		 | 0.0003555290		 | 1.05
 590		 | 0.0003516214		 | 1.01
 591		 | 0.0003487736		 | 1.01
 592		 | 0.0003435804		 | 1.02
 593		 | 0.0003487329		 | 0.99
 594		 | 0.0003428169		 | 1.02
 595		 | 0.0003394713		 | 1.01
 596		 | 0.0003305547		 | 1.03
 597		 | 0.0003288553		 | 1.01
 598		 | 0.0003274478		 | 1.00
 599		 | 0.0003398165		 | 0.96
 600		 | 0.0003303624		 | 1.03
 601		 | 0.0003171337		 | 1.04
 602		 | 0.0003139708		 | 1.01
 603		 | 0.0003154187		 | 1.00
 604		 | 0.0003241335		 | 0.97
 605		 | 0.0003093251		 | 1.05
 606		 | 0.0003100329		 | 1.00
 607		 | 0.0003059320		 | 1.01
 608		 | 0.0003158484		 | 0.97
 609		 | 0.0003071076		 | 1.03
 610		 | 0.0003030422		 | 1.01
 611		 | 0.0003032188		 | 1.00
 612		 | 0.0002970732		 | 1.02
 613		 | 0.0002903068		 | 1.02
 614		 | 0.0002885848		 | 1.01
 615		 | 0.0002915070		 | 0.99
 616		 | 0.0003028282		 | 0.96
 617		 | 0.0002872764		 | 1.05
 618		 | 0.0002733664		 | 1.05
 619		 | 0.0002809087		 | 0.97
 620		 | 0.0002791568		 | 1.01
 621		 | 0.0002822465		 | 0.99
 622		 | 0.0002775943		 | 1.02
 623		 | 0.0002786302		 | 1.00
 624		 | 0.0002742881		 | 1.02
 625		 | 0.0002751410		 | 1.00
 626		 | 0.0002696200		 | 1.02
 627		 | 0.0002635069		 | 1.02
 628		 | 0.0002639772		 | 1.00
 629		 | 0.0002604276		 | 1.01
 630		 | 0.0002593782		 | 1.00
 631		 | 0.0002546438		 | 1.02
 632		 | 0.0002626654		 | 0.97
 633		 | 0.0002555817		 | 1.03
 634		 | 0.0002500862		 | 1.02
 635		 | 0.0002523000		 | 0.99
 636		 | 0.0002508722		 | 1.01
 637		 | 0.0002473778		 | 1.01
 638		 | 0.0002436650		 | 1.02
 639		 | 0.0002533623		 | 0.96
 640		 | 0.0002414736		 | 1.05
 641		 | 0.0002359957		 | 1.02
 642		 | 0.0002243926		 | 1.05
 643		 | 0.0002365143		 | 0.95
 644		 | 0.0002402025		 | 0.98
 645		 | 0.0002275532		 | 1.06
 646		 | 0.0002190240		 | 1.04
 647		 | 0.0002243441		 | 0.98
 648		 | 0.0002320976		 | 0.97
 649		 | 0.0002231589		 | 1.04
 650		 | 0.0002185114		 | 1.02
 651		 | 0.0002115869		 | 1.03
 652		 | 0.0002184860		 | 0.97
 653		 | 0.0002229080		 | 0.98
 654		 | 0.0002086992		 | 1.07
 655		 | 0.0002158206		 | 0.97
 656		 | 0.0002143079		 | 1.01
 657		 | 0.0002130653		 | 1.01
 658		 | 0.0001934725		 | 1.10
 659		 | 0.0001997794		 | 0.97
 660		 | 0.0001931401		 | 1.03
 661		 | 0.0002087629		 | 0.93
 662		 | 0.0001976107		 | 1.06
 663		 | 0.0001864851		 | 1.06
 664		 | 0.0001986475		 | 0.94
 665		 | 0.0001953029		 | 1.02
 666		 | 0.0001938815		 | 1.01
 667		 | 0.0001952904		 | 0.99
 668		 | 0.0001884087		 | 1.04
 669		 | 0.0001856087		 | 1.02
 670		 | 0.0001917899		 | 0.97
 671		 | 0.0001852593		 | 1.04
 672		 | 0.0001793731		 | 1.03
 673		 | 0.0001835370		 | 0.98
 674		 | 0.0001704124		 | 1.08
 675		 | 0.0001643843		 | 1.04
 676		 | 0.0001803935		 | 0.91
 677		 | 0.0001863674		 | 0.97
 678		 | 0.0001725705		 | 1.08
 679		 | 0.0001654613		 | 1.04
 680		 | 0.0001671140		 | 0.99
 681		 | 0.0001743377		 | 0.96
 682		 | 0.0001694540		 | 1.03
 683		 | 0.0001757623		 | 0.96
 684		 | 0.0001664030		 | 1.06
 685		 | 0.0001562660		 | 1.06
 686		 | 0.0001481195		 | 1.05
 687		 | 0.0001559314		 | 0.95
 688		 | 0.0001619699		 | 0.96
 689		 | 0.0001586298		 | 1.02
 690		 | 0.0001510905		 | 1.05
 691		 | 0.0001506676		 | 1.00
 692		 | 0.0001465573		 | 1.03
 693		 | 0.0001444571		 | 1.01
 694		 | 0.0001607015		 | 0.90
 695		 | 0.0001502413		 | 1.07
 696		 | 0.0001509735		 | 1.00
 697		 | 0.0001486731		 | 1.02
 698		 | 0.0001444836		 | 1.03
 699		 | 0.0001405779		 | 1.03
 700		 | 0.0001425559		 | 0.99
 701		 | 0.0001642353		 | 0.87
 702		 | 0.0001233753		 | 1.33
 703		 | 0.0001234509		 | 1.00
 704		 | 0.0001293739		 | 0.95
 705		 | 0.0001354301		 | 0.96
 706		 | 0.0001355840		 | 1.00
 707		 | 0.0001329762		 | 1.02
 708		 | 0.0001286529		 | 1.03
 709		 | 0.0001212117		 | 1.06
 710		 | 0.0001385172		 | 0.88
 711		 | 0.0001331505		 | 1.04
 712		 | 0.0001233871		 | 1.08
 713		 | 0.0001077975		 | 1.14
 714		 | 0.0001135419		 | 0.95
 715		 | 0.0001252359		 | 0.91
 716		 | 0.0001138616		 | 1.10
 717		 | 0.0001241943		 | 0.92
 718		 | 0.0001586117		 | 0.78
 719		 | 0.0001210614		 | 1.31
 720		 | 0.0000155513		 | 7.78
 721		 | 0.0001190375		 | 0.13
 722		 | 0.0001581705		 | 0.75
 723		 | 0.0001592343		 | 0.99
 724		 | 0.0001159742		 | 1.37
 725		 | 0.0001005483		 | 1.15
 726		 | 0.0001146963		 | 0.88
 727		 | 0.0000979406		 | 1.17
 728		 | 0.0001017119		 | 0.96
 729		 | 0.0001143894		 | 0.89
 730		 | 0.0001170845		 | 0.98
 731		 | 0.0000922031		 | 1.27
 732		 | 0.0000958413		 | 0.96
 733		 | 0.0001032765		 | 0.93
 734		 | 0.0001014144		 | 1.02
 735		 | 0.0001029202		 | 0.99
 736		 | 0.0000987477		 | 1.04
 737		 | 0.0000873556		 | 1.13
 738		 | 0.0000880005		 | 0.99
 739		 | 0.0001169332		 | 0.75
 740		 | 0.0001003398		 | 1.17
 741		 | 0.0001039711		 | 0.97
 742		 | 0.0000917806		 | 1.13
 743		 | 0.0000911842		 | 1.01
 744		 | 0.0000937261		 | 0.97
 745		 | 0.0000929862		 | 1.01
 746		 | 0.0000931291		 | 1.00
 747		 | 0.0000895718		 | 1.04
 748		 | 0.0000824032		 | 1.09
 749		 | 0.0000851557		 | 0.97
 750		 | 0.0000852200		 | 1.00
 751		 | 0.0000904815		 | 0.94
 752		 | 0.0000854895		 | 1.06
 753		 | 0.0000878275		 | 0.97
 754		 | 0.0000797571		 | 1.10
 755		 | 0.0000790996		 | 1.01
 756		 | 0.0000839041		 | 0.94
 757		 | 0.0000862557		 | 0.97
 758		 | 0.0000818077		 | 1.05
 759		 | 0.0000785328		 | 1.04
 760		 | 0.0000807826		 | 0.97
 761		 | 0.0000755965		 | 1.07
 762		 | 0.0000713919		 | 1.06
 763		 | 0.0000815395		 | 0.88
 764		 | 0.0000764395		 | 1.07
 765		 | 0.0000719837		 | 1.06
 766		 | 0.0000712855		 | 1.01
 767		 | 0.0000750402		 | 0.95
 768		 | 0.0000719182		 | 1.04
 769		 | 0.0000729373		 | 0.99
 770		 | 0.0000715650		 | 1.02
 771		 | 0.0000697701		 | 1.03
 772		 | 0.0000679175		 | 1.03
 773		 | 0.0000681418		 | 1.00
 774		 | 0.0000693967		 | 0.98
 775		 | 0.0000654427		 | 1.06
 776		 | 0.0000667196		 | 0.98
 777		 | 0.0000620281		 | 1.08
 778		 | 0.0000634269		 | 0.98
 779		 | 0.0000609076		 | 1.04
 780		 | 0.0000643929		 | 0.95
 781		 | 0.0000636525		 | 1.01
 782		 | 0.0000565420		 | 1.13
 783		 | 0.0000615662		 | 0.92
 784		 | 0.0000591894		 | 1.04
 785		 | 0.0000576014		 | 1.03
 786		 | 0.0000571100		 | 1.01
 787		 | 0.0000602059		 | 0.95
 788		 | 0.0000563938		 | 1.07
 789		 | 0.0000533611		 | 1.06
 790		 | 0.0000556766		 | 0.96
 791		 | 0.0000554746		 | 1.00
 792		 | 0.0000542953		 | 1.02
 793		 | 0.0000512080		 | 1.06
 794		 | 0.0000512987		 | 1.00
 795		 | 0.0000495010		 | 1.04
 796		 | 0.0000519572		 | 0.95
 797		 | 0.0000489006		 | 1.06
 798		 | 0.0000514147		 | 0.95
 799		 | 0.0000480966		 | 1.07
 800		 | 0.0000485410		 | 0.99
 801		 | 0.0000494212		 | 0.98
 802		 | 0.0000479019		 | 1.03
 803		 | 0.0000446013		 | 1.07
 804		 | 0.0000456502		 | 0.98
 805		 | 0.0000453987		 | 1.01
 806		 | 0.0000458957		 | 0.99
 807		 | 0.0000430277		 | 1.07
 808		 | 0.0000468540		 | 0.92
 809		 | 0.0000420792		 | 1.11
 810		 | 0.0000415170		 | 1.01
 811		 | 0.0000410543		 | 1.01
 812		 | 0.0000433670		 | 0.95
 813		 | 0.0000424255		 | 1.02
 814		 | 0.0000405267		 | 1.05
 815		 | 0.0000406701		 | 1.00
 816		 | 0.0000414777		 | 0.98
 817		 | 0.0000385618		 | 1.08
 818		 | 0.0000380689		 | 1.01
 819		 | 0.0000383659		 | 0.99
 820		 | 0.0000390238		 | 0.98
 821		 | 0.0000348554		 | 1.12
 822		 | 0.0000367225		 | 0.95
 823		 | 0.0000339334		 | 1.08
 824		 | 0.0000373390		 | 0.91
 825		 | 0.0000337847		 | 1.11
 826		 | 0.0000342179		 | 0.99
 827		 | 0.0000332983		 | 1.03
 828		 | 0.0000345457		 | 0.96
 829		 | 0.0000349950		 | 0.99
 830		 | 0.0000316345		 | 1.11
 831		 | 0.0000319867		 | 0.99
 832		 | 0.0000313970		 | 1.02
 833		 | 0.0000327855		 | 0.96
 834		 | 0.0000282888		 | 1.16
 835		 | 0.0000309204		 | 0.91
 836		 | 0.0000307858		 | 1.00
 837		 | 0.0000309095		 | 1.00
 838		 | 0.0000293215		 | 1.05
 839		 | 0.0000285896		 | 1.03
 840		 | 0.0000283172		 | 1.01
 841		 | 0.0000281577		 | 1.01
 842		 | 0.0000266729		 | 1.06
 843		 | 0.0000263969		 | 1.01
 844		 | 0.0000261633		 | 1.01
 845		 | 0.0000265475		 | 0.99
 846		 | 0.0000258246		 | 1.03
 847		 | 0.0000263974		 | 0.98
 848		 | 0.0000233290		 | 1.13
 849		 | 0.0000254503		 | 0.92
 850		 | 0.0000240342		 | 1.06
 851		 | 0.0000254075		 | 0.95
 852		 | 0.0000234471		 | 1.08
 853		 | 0.0000237137		 | 0.99
 854		 | 0.0000228735		 | 1.04
 855		 | 0.0000217736		 | 1.05
 856		 | 0.0000204486		 | 1.06
 857		 | 0.0000217637		 | 0.94
 858		 | 0.0000219462		 | 0.99
 859		 | 0.0000225729		 | 0.97
 860		 | 0.0000185709		 | 1.22
 861		 | 0.0000231178		 | 0.80
 862		 | 0.0000189936		 | 1.22
 863		 | 0.0000194733		 | 0.98
 864		 | 0.0000188369		 | 1.03
 865		 | 0.0000201222		 | 0.94
 866		 | 0.0000167672		 | 1.20
 867		 | 0.0000186125		 | 0.90
 868		 | 0.0000179527		 | 1.04
 869		 | 0.0000188839		 | 0.95
 870		 | 0.0000186737		 | 1.01
 871		 | 0.0000178400		 | 1.05
 872		 | 0.0000158701		 | 1.12
 873		 | 0.0000169988		 | 0.93
 874		 | 0.0000161895		 | 1.05
 875		 | 0.0000159349		 | 1.02
 876		 | 0.0000162110		 | 0.98
 877		 | 0.0000148582		 | 1.09
 878		 | 0.0000163039		 | 0.91
 879		 | 0.0000157986		 | 1.03
 880		 | 0.0000145997		 | 1.08
 881		 | 0.0000145025		 | 1.01
 882		 | 0.0000146244		 | 0.99
 883		 | 0.0000150397		 | 0.97
 884		 | 0.0000124464		 | 1.21
 885		 | 0.0000131913		 | 0.94
 886		 | 0.0000133659		 | 0.99
 887		 | 0.0000123611		 | 1.08
 888		 | 0.0000115897		 | 1.07
 889		 | 0.0000124269		 | 0.93
 890		 | 0.0000130942		 | 0.95
 891		 | 0.0000145650		 | 0.90
 892		 | 0.0000111444		 | 1.31
 893		 | 0.0000135062		 | 0.83
 894		 | 0.0000119876		 | 1.13
 895		 | 0.0000096008		 | 1.25
 896		 | 0.0000081891		 | 1.17
 897		 | 0.0000129371		 | 0.63
 898		 | 0.0000104166		 | 1.24
 899		 | 0.0000065397		 | 1.59
 900		 | 0.0000215890		 | 0.30
 901		 | 0.0000058653		 | 3.68
 902		 | 0.0000100760		 | 0.58
 903		 | 0.0000103579		 | 0.97
 904		 | 0.0000099189		 | 1.04
 905		 | 0.0000057238		 | 1.73
 906		 | 0.0000085223		 | 0.67
 907		 | 0.0000096216		 | 0.89
 908		 | 0.0000072227		 | 1.33
 909		 | 0.0000091438		 | 0.79
 910		 | 0.0000075844		 | 1.21
 911		 | 0.0000069497		 | 1.09
 912		 | 0.0000065347		 | 1.06
 913		 | 0.0000073111		 | 0.89
 914		 | 0.0000063710		 | 1.15
 915		 | 0.0000070788		 | 0.90
 916		 | 0.0000070861		 | 1.00
 917		 | 0.0000062602		 | 1.13
 918		 | 0.0000059382		 | 1.05
 919		 | 0.0000061640		 | 0.96
 920		 | 0.0000043123		 | 1.43
 921		 | 0.0000049562		 | 0.87
 922		 | 0.0000057112		 | 0.87
 923		 | 0.0000062568		 | 0.91
 924		 | 0.0000050880		 | 1.23
 925		 | 0.0000048781		 | 1.04
 926		 | 0.0000052435		 | 0.93
 927		 | 0.0000044986		 | 1.17
 928		 | 0.0000039667		 | 1.13
 929		 | 0.0000041470		 | 0.96
 930		 | 0.0000045219		 | 0.92
 931		 | 0.0000041252		 | 1.10
 932		 | 0.0000046000		 | 0.90
 933		 | 0.0000045152		 | 1.02
 934		 | 0.0000030960		 | 1.46
 935		 | 0.0000043070		 | 0.72
 936		 | 0.0000032173		 | 1.34
 937		 | 0.0000027981		 | 1.15
 938		 | 0.0000028838		 | 0.97
 939		 | 0.0000034911		 | 0.83
 940		 | 0.0000036412		 | 0.96
 941		 | 0.0000022761		 | 1.60
 942		 | 0.0000035169		 | 0.65
 943		 | 0.0000029507		 | 1.19
 944		 | 0.0000024891		 | 1.19
 945		 | 0.0000023389		 | 1.06
 946		 | 0.0000023285		 | 1.00
 947		 | 0.0000027082		 | 0.86
 948		 | 0.0000025953		 | 1.04
 949		 | 0.0000026284		 | 0.99
 950		 | 0.0000024708		 | 1.06
 951		 | 0.0000018968		 | 1.30
 952		 | 0.0000016614		 | 1.14
 953		 | 0.0000019219		 | 0.86
 954		 | 0.0000013804		 | 1.39
 955		 | 0.0000022765		 | 0.61
 956		 | 0.0000021743		 | 1.05
 957		 | 0.0000016705		 | 1.30
 958		 | 0.0000021590		 | 0.77
 959		 | 0.0000012846		 | 1.68
 960		 | 0.0000010286		 | 1.25
 961		 | 0.0000017099		 | 0.60
 962		 | 0.0000012601		 | 1.36
 963		 | 0.0000018743		 | 0.67
 964		 | 0.0000020247		 | 0.93
 965		 | 0.0000013662		 | 1.48
 966		 | 0.0000011082		 | 1.23
 967		 | 0.0000013138		 | 0.84
 968		 | 0.0000016082		 | 0.82
 969		 | 0.0000008999		 | 1.79
 970		 | 0.0000012706		 | 0.71
 971		 | 0.0000012050		 | 1.05
 972		 | 0.0000011913		 | 1.01
 973		 | 0.0000010652		 | 1.12
 974		 | 0.0000011017		 | 0.97
 975		 | 0.0000008593		 | 1.28
 976		 | 0.0000011260		 | 0.76
 977		 | 0.0000008060		 | 1.40
 978		 | 0.0000010430		 | 0.77
 979		 | 0.0000007473		 | 1.40
 980		 | 0.0000010668		 | 0.70
 981		 | 0.0000007718		 | 1.38
 982		 | 0.0000007145		 | 1.08
 983		 | 0.0000005075		 | 1.41
 984		 | 0.0000007454		 | 0.68
 985		 | 0.0000005273		 | 1.41
 986		 | 0.0000009285		 | 0.57
 987		 | 0.0000004697		 | 1.98
 988		 | 0.0000006123		 | 0.77
 989		 | 0.0000004617		 | 1.33
 990		 | 0.0000009144		 | 0.50
 991		 | 0.0000004177		 | 2.19
 992		 | 0.0000005822		 | 0.72
 993		 | 0.0000004316		 | 1.35
 994		 | 0.0000006108		 | 0.71
 995		 | 0.0000005703		 | 1.07
 996		 | 0.0000002452		 | 2.33
 997		 | 0.0000003651		 | 0.67
 998		 | 0.0000004780		 | 0.76
 999		 | 0.0000003936		 | 1.21
1000		 | 0.0000004997		 | 0.79