Resize Kernel: Bicubic b 0.33 c 0.33
Native resolution(s) (best guess): 958p, 837p, 999p
Please check the graph manually for more accurate results

Raw data:
Resolution	 | Relative Error	 | Relative difference from last
 500		 | 0.0011735426		 | 0.00
 501		 | 0.0011651393		 | 1.01
 502		 | 0.0011575228		 | 1.01
 503		 | 0.0011626948		 | 1.00
 504		 | 0.0011508078		 | 1.01
 505		 | 0.0011276387		 | 1.02
 506		 | 0.0011323598		 | 1.00
 507		 | 0.0011334099		 | 1.00
 508		 | 0.0011233181		 | 1.01
 509		 | 0.0011166666		 | 1.01
 510		 | 0.0011134005		 | 1.00
 511		 | 0.0010938435		 | 1.02
 512		 | 0.0011075046		 | 0.99
 513		 | 0.0010893164		 | 1.02
 514		 | 0.0010775927		 | 1.01
 515		 | 0.0010867115		 | 0.99
 516		 | 0.0010752404		 | 1.01
 517		 | 0.0010758974		 | 1.00
 518		 | 0.0010662700		 | 1.01
 519		 | 0.0010619403		 | 1.00
 520		 | 0.0010455116		 | 1.02
 521		 | 0.0010512885		 | 0.99
 522		 | 0.0010404094		 | 1.01
 523		 | 0.0010436371		 | 1.00
 524		 | 0.0010316119		 | 1.01
 525		 | 0.0010177390		 | 1.01
 526		 | 0.0010224588		 | 1.00
 527		 | 0.0010121285		 | 1.01
 528		 | 0.0010084673		 | 1.00
 529		 | 0.0010068684		 | 1.00
 530		 | 0.0009968811		 | 1.01
 531		 | 0.0009880601		 | 1.01
 532		 | 0.0009838663		 | 1.00
 533		 | 0.0009810528		 | 1.00
 534		 | 0.0009752283		 | 1.01
 535		 | 0.0009717571		 | 1.00
 536		 | 0.0009654539		 | 1.01
 537		 | 0.0009642826		 | 1.00
 538		 | 0.0009464236		 | 1.02
 539		 | 0.0009468571		 | 1.00
 540		 | 0.0009489745		 | 1.00
 541		 | 0.0009465126		 | 1.00
 542		 | 0.0009276202		 | 1.02
 543		 | 0.0009325407		 | 0.99
 544		 | 0.0009193658		 | 1.01
 545		 | 0.0009202734		 | 1.00
 546		 | 0.0009144955		 | 1.01
 547		 | 0.0009115507		 | 1.00
 548		 | 0.0008996533		 | 1.01
 549		 | 0.0008922413		 | 1.01
 550		 | 0.0008931450		 | 1.00
 551		 | 0.0008836887		 | 1.01
 552		 | 0.0008852369		 | 1.00
 553		 | 0.0008827942		 | 1.00
 554		 | 0.0008760195		 | 1.01
 555		 | 0.0008741919		 | 1.00
 556		 | 0.0008631086		 | 1.01
 557		 | 0.0008587383		 | 1.01
 558		 | 0.0008541761		 | 1.01
 559		 | 0.0008527128		 | 1.00
 560		 | 0.0008433350		 | 1.01
 561		 | 0.0008461126		 | 1.00
 562		 | 0.0008363124		 | 1.01
 563		 | 0.0008240384		 | 1.01
 564		 | 0.0008361635		 | 0.99
 565		 | 0.0008212816		 | 1.02
 566		 | 0.0008188515		 | 1.00
 567		 | 0.0008080971		 | 1.01
 568		 | 0.0008011594		 | 1.01
 569		 | 0.0007971336		 | 1.01
 570		 | 0.0008029050		 | 0.99
 571		 | 0.0007989918		 | 1.00
 572		 | 0.0007954202		 | 1.00
 573		 | 0.0007875637		 | 1.01
 574		 | 0.0007805981		 | 1.01
 575		 | 0.0007781767		 | 1.00
 576		 | 0.0007733021		 | 1.01
 577		 | 0.0007696707		 | 1.00
 578		 | 0.0007661473		 | 1.00
 579		 | 0.0007640761		 | 1.00
 580		 | 0.0007588729		 | 1.01
 581		 | 0.0007578668		 | 1.00
 582		 | 0.0007481263		 | 1.01
 583		 | 0.0007450740		 | 1.00
 584		 | 0.0007371960		 | 1.01
 585		 | 0.0007356618		 | 1.00
 586		 | 0.0007287367		 | 1.01
 587		 | 0.0007238592		 | 1.01
 588		 | 0.0007184622		 | 1.01
 589		 | 0.0007224226		 | 0.99
 590		 | 0.0007198508		 | 1.00
 591		 | 0.0007091143		 | 1.02
 592		 | 0.0007161202		 | 0.99
 593		 | 0.0007084494		 | 1.01
 594		 | 0.0006988006		 | 1.01
 595		 | 0.0006922397		 | 1.01
 596		 | 0.0006866959		 | 1.01
 597		 | 0.0006918793		 | 0.99
 598		 | 0.0006820153		 | 1.01
 599		 | 0.0006800922		 | 1.00
 600		 | 0.0006766403		 | 1.01
 601		 | 0.0006733551		 | 1.00
 602		 | 0.0006701903		 | 1.00
 603		 | 0.0006731865		 | 1.00
 604		 | 0.0006535850		 | 1.03
 605		 | 0.0006571503		 | 0.99
 606		 | 0.0006582986		 | 1.00
 607		 | 0.0006457959		 | 1.02
 608		 | 0.0006399699		 | 1.01
 609		 | 0.0006445089		 | 0.99
 610		 | 0.0006410592		 | 1.01
 611		 | 0.0006387749		 | 1.00
 612		 | 0.0006269162		 | 1.02
 613		 | 0.0006267236		 | 1.00
 614		 | 0.0006226962		 | 1.01
 615		 | 0.0006218255		 | 1.00
 616		 | 0.0006141681		 | 1.01
 617		 | 0.0006133567		 | 1.00
 618		 | 0.0006120298		 | 1.00
 619		 | 0.0006066749		 | 1.01
 620		 | 0.0006048655		 | 1.00
 621		 | 0.0005990089		 | 1.01
 622		 | 0.0006007892		 | 1.00
 623		 | 0.0005892869		 | 1.02
 624		 | 0.0005855790		 | 1.01
 625		 | 0.0005837217		 | 1.00
 626		 | 0.0005852697		 | 1.00
 627		 | 0.0005839220		 | 1.00
 628		 | 0.0005758553		 | 1.01
 629		 | 0.0005712961		 | 1.01
 630		 | 0.0005695801		 | 1.00
 631		 | 0.0005629558		 | 1.01
 632		 | 0.0005609091		 | 1.00
 633		 | 0.0005617343		 | 1.00
 634		 | 0.0005536578		 | 1.01
 635		 | 0.0005469478		 | 1.01
 636		 | 0.0005460393		 | 1.00
 637		 | 0.0005472606		 | 1.00
 638		 | 0.0005406265		 | 1.01
 639		 | 0.0005387693		 | 1.00
 640		 | 0.0005315558		 | 1.01
 641		 | 0.0005343480		 | 0.99
 642		 | 0.0005357879		 | 1.00
 643		 | 0.0005227205		 | 1.02
 644		 | 0.0005230978		 | 1.00
 645		 | 0.0005243995		 | 1.00
 646		 | 0.0005219237		 | 1.00
 647		 | 0.0005072050		 | 1.03
 648		 | 0.0005103041		 | 0.99
 649		 | 0.0005064009		 | 1.01
 650		 | 0.0005048385		 | 1.00
 651		 | 0.0005040373		 | 1.00
 652		 | 0.0004986210		 | 1.01
 653		 | 0.0005015475		 | 0.99
 654		 | 0.0004950476		 | 1.01
 655		 | 0.0004878322		 | 1.01
 656		 | 0.0004936379		 | 0.99
 657		 | 0.0004874713		 | 1.01
 658		 | 0.0004835145		 | 1.01
 659		 | 0.0004784380		 | 1.01
 660		 | 0.0004782771		 | 1.00
 661		 | 0.0004768725		 | 1.00
 662		 | 0.0004746601		 | 1.00
 663		 | 0.0004681264		 | 1.01
 664		 | 0.0004675373		 | 1.00
 665		 | 0.0004625020		 | 1.01
 666		 | 0.0004624814		 | 1.00
 667		 | 0.0004565990		 | 1.01
 668		 | 0.0004629798		 | 0.99
 669		 | 0.0004578709		 | 1.01
 670		 | 0.0004526473		 | 1.01
 671		 | 0.0004483937		 | 1.01
 672		 | 0.0004455822		 | 1.01
 673		 | 0.0004434156		 | 1.00
 674		 | 0.0004425651		 | 1.00
 675		 | 0.0004257299		 | 1.04
 676		 | 0.0004352968		 | 0.98
 677		 | 0.0004321554		 | 1.01
 678		 | 0.0004318127		 | 1.00
 679		 | 0.0004216620		 | 1.02
 680		 | 0.0004248023		 | 0.99
 681		 | 0.0004216912		 | 1.01
 682		 | 0.0004182207		 | 1.01
 683		 | 0.0004178655		 | 1.00
 684		 | 0.0004185535		 | 1.00
 685		 | 0.0004090915		 | 1.02
 686		 | 0.0004065985		 | 1.01
 687		 | 0.0004091538		 | 0.99
 688		 | 0.0004058729		 | 1.01
 689		 | 0.0004038707		 | 1.00
 690		 | 0.0003981732		 | 1.01
 691		 | 0.0003963723		 | 1.00
 692		 | 0.0003936212		 | 1.01
 693		 | 0.0003955599		 | 1.00
 694		 | 0.0003893548		 | 1.02
 695		 | 0.0003892675		 | 1.00
 696		 | 0.0003871121		 | 1.01
 697		 | 0.0003809323		 | 1.02
 698		 | 0.0003777980		 | 1.01
 699		 | 0.0003784102		 | 1.00
 700		 | 0.0003760618		 | 1.01
 701		 | 0.0003712177		 | 1.01
 702		 | 0.0003697977		 | 1.00
 703		 | 0.0003696339		 | 1.00
 704		 | 0.0003637671		 | 1.02
 705		 | 0.0003694010		 | 0.98
 706		 | 0.0003623993		 | 1.02
 707		 | 0.0003601502		 | 1.01
 708		 | 0.0003587548		 | 1.00
 709		 | 0.0003579282		 | 1.00
 710		 | 0.0003520246		 | 1.02
 711		 | 0.0003513463		 | 1.00
 712		 | 0.0003479953		 | 1.01
 713		 | 0.0003462705		 | 1.00
 714		 | 0.0003501245		 | 0.99
 715		 | 0.0003463493		 | 1.01
 716		 | 0.0003422945		 | 1.01
 717		 | 0.0003356196		 | 1.02
 718		 | 0.0003398136		 | 0.99
 719		 | 0.0003329333		 | 1.02
 720		 | 0.0003364700		 | 0.99
 721		 | 0.0003312466		 | 1.02
 722		 | 0.0003266460		 | 1.01
 723		 | 0.0003247930		 | 1.01
 724		 | 0.0003259743		 | 1.00
 725		 | 0.0003228911		 | 1.01
 726		 | 0.0003266488		 | 0.99
 727		 | 0.0003200872		 | 1.02
 728		 | 0.0003167739		 | 1.01
 729		 | 0.0003170896		 | 1.00
 730		 | 0.0003110326		 | 1.02
 731		 | 0.0003104623		 | 1.00
 732		 | 0.0003084345		 | 1.01
 733		 | 0.0003076969		 | 1.00
 734		 | 0.0003080974		 | 1.00
 735		 | 0.0003013056		 | 1.02
 736		 | 0.0002986172		 | 1.01
 737		 | 0.0002998604		 | 1.00
 738		 | 0.0003003295		 | 1.00
 739		 | 0.0002972921		 | 1.01
 740		 | 0.0002949162		 | 1.01
 741		 | 0.0002938333		 | 1.00
 742		 | 0.0002906946		 | 1.01
 743		 | 0.0002892201		 | 1.01
 744		 | 0.0002876606		 | 1.01
 745		 | 0.0002875092		 | 1.00
 746		 | 0.0002846971		 | 1.01
 747		 | 0.0002810530		 | 1.01
 748		 | 0.0002801217		 | 1.00
 749		 | 0.0002786811		 | 1.01
 750		 | 0.0002767255		 | 1.01
 751		 | 0.0002793115		 | 0.99
 752		 | 0.0002688515		 | 1.04
 753		 | 0.0002695879		 | 1.00
 754		 | 0.0002669135		 | 1.01
 755		 | 0.0002679987		 | 1.00
 756		 | 0.0002635218		 | 1.02
 757		 | 0.0002669819		 | 0.99
 758		 | 0.0002583641		 | 1.03
 759		 | 0.0002627456		 | 0.98
 760		 | 0.0002610613		 | 1.01
 761		 | 0.0002580855		 | 1.01
 762		 | 0.0002559579		 | 1.01
 763		 | 0.0002541497		 | 1.01
 764		 | 0.0002547019		 | 1.00
 765		 | 0.0002527069		 | 1.01
 766		 | 0.0002495074		 | 1.01
 767		 | 0.0002509236		 | 0.99
 768		 | 0.0002461556		 | 1.02
 769		 | 0.0002449102		 | 1.01
 770		 | 0.0002445861		 | 1.00
 771		 | 0.0002422131		 | 1.01
 772		 | 0.0002357568		 | 1.03
 773		 | 0.0002415602		 | 0.98
 774		 | 0.0002367360		 | 1.02
 775		 | 0.0002367320		 | 1.00
 776		 | 0.0002318799		 | 1.02
 777		 | 0.0002329274		 | 1.00
 778		 | 0.0002284674		 | 1.02
 779		 | 0.0002301542		 | 0.99
 780		 | 0.0002283362		 | 1.01
 781		 | 0.0002274182		 | 1.00
 782		 | 0.0002255670		 | 1.01
 783		 | 0.0002231545		 | 1.01
 784		 | 0.0002255528		 | 0.99
 785		 | 0.0002191130		 | 1.03
 786		 | 0.0002201975		 | 1.00
 787		 | 0.0002164683		 | 1.02
 788		 | 0.0002141957		 | 1.01
 789		 | 0.0002151898		 | 1.00
 790		 | 0.0002133141		 | 1.01
 791		 | 0.0002131503		 | 1.00
 792		 | 0.0002130910		 | 1.00
 793		 | 0.0002111163		 | 1.01
 794		 | 0.0002081099		 | 1.01
 795		 | 0.0002049303		 | 1.02
 796		 | 0.0002057826		 | 1.00
 797		 | 0.0002054509		 | 1.00
 798		 | 0.0002036002		 | 1.01
 799		 | 0.0002013594		 | 1.01
 800		 | 0.0002024366		 | 0.99
 801		 | 0.0001984802		 | 1.02
 802		 | 0.0001980154		 | 1.00
 803		 | 0.0001948558		 | 1.02
 804		 | 0.0001921057		 | 1.01
 805		 | 0.0001951777		 | 0.98
 806		 | 0.0001905755		 | 1.02
 807		 | 0.0001944700		 | 0.98
 808		 | 0.0001852520		 | 1.05
 809		 | 0.0001886339		 | 0.98
 810		 | 0.0001793860		 | 1.05
 811		 | 0.0001869129		 | 0.96
 812		 | 0.0001863415		 | 1.00
 813		 | 0.0001856846		 | 1.00
 814		 | 0.0001831632		 | 1.01
 815		 | 0.0001781260		 | 1.03
 816		 | 0.0001817422		 | 0.98
 817		 | 0.0001805189		 | 1.01
 818		 | 0.0001771073		 | 1.02
 819		 | 0.0001743418		 | 1.02
 820		 | 0.0001711548		 | 1.02
 821		 | 0.0001700602		 | 1.01
 822		 | 0.0001696792		 | 1.00
 823		 | 0.0001734600		 | 0.98
 824		 | 0.0001737237		 | 1.00
 825		 | 0.0001683718		 | 1.03
 826		 | 0.0001668198		 | 1.01
 827		 | 0.0001669217		 | 1.00
 828		 | 0.0001632933		 | 1.02
 829		 | 0.0001606154		 | 1.02
 830		 | 0.0001622003		 | 0.99
 831		 | 0.0001628219		 | 1.00
 832		 | 0.0001651023		 | 0.99
 833		 | 0.0001565364		 | 1.05
 834		 | 0.0001588386		 | 0.99
 835		 | 0.0001641586		 | 0.97
 836		 | 0.0001808166		 | 0.91
 837		 | 0.0001343675		 | 1.35
 838		 | 0.0001445490		 | 0.93
 839		 | 0.0001484967		 | 0.97
 840		 | 0.0001525965		 | 0.97
 841		 | 0.0001439970		 | 1.06
 842		 | 0.0001491147		 | 0.97
 843		 | 0.0001447325		 | 1.03
 844		 | 0.0001458901		 | 0.99
 845		 | 0.0001419375		 | 1.03
 846		 | 0.0001413430		 | 1.00
 847		 | 0.0001416892		 | 1.00
 848		 | 0.0001399299		 | 1.01
 849		 | 0.0001383060		 | 1.01
 850		 | 0.0001375449		 | 1.01
 851		 | 0.0001350318		 | 1.02
 852		 | 0.0001384417		 | 0.98
 853		 | 0.0001326879		 | 1.04
 854		 | 0.0001339280		 | 0.99
 855		 | 0.0001327351		 | 1.01
 856		 | 0.0001319315		 | 1.01
 857		 | 0.0001333939		 | 0.99
 858		 | 0.0001309322		 | 1.02
 859		 | 0.0001271449		 | 1.03
 860		 | 0.0001281710		 | 0.99
 861		 | 0.0001264688		 | 1.01
 862		 | 0.0001233786		 | 1.03
 863		 | 0.0001236929		 | 1.00
 864		 | 0.0001256513		 | 0.98
 865		 | 0.0001250017		 | 1.01
 866		 | 0.0001180903		 | 1.06
 867		 | 0.0001187208		 | 0.99
 868		 | 0.0001188238		 | 1.00
 869		 | 0.0001191170		 | 1.00
 870		 | 0.0001149980		 | 1.04
 871		 | 0.0001160194		 | 0.99
 872		 | 0.0001136553		 | 1.02
 873		 | 0.0001122221		 | 1.01
 874		 | 0.0001104806		 | 1.02
 875		 | 0.0001117662		 | 0.99
 876		 | 0.0001093220		 | 1.02
 877		 | 0.0001070124		 | 1.02
 878		 | 0.0001119387		 | 0.96
 879		 | 0.0001067341		 | 1.05
 880		 | 0.0001071228		 | 1.00
 881		 | 0.0001072107		 | 1.00
 882		 | 0.0001052778		 | 1.02
 883		 | 0.0001016166		 | 1.04
 884		 | 0.0001053822		 | 0.96
 885		 | 0.0001031021		 | 1.02
 886		 | 0.0000992920		 | 1.04
 887		 | 0.0000960188		 | 1.03
 888		 | 0.0000969857		 | 0.99
 889		 | 0.0000983718		 | 0.99
 890		 | 0.0000940311		 | 1.05
 891		 | 0.0000946234		 | 0.99
 892		 | 0.0000969096		 | 0.98
 893		 | 0.0000948752		 | 1.02
 894		 | 0.0000964491		 | 0.98
 895		 | 0.0000898456		 | 1.07
 896		 | 0.0000933836		 | 0.96
 897		 | 0.0000894734		 | 1.04
 898		 | 0.0000901421		 | 0.99
 899		 | 0.0000890532		 | 1.01
 900		 | 0.0000876039		 | 1.02
 901		 | 0.0000875474		 | 1.00
 902		 | 0.0000843596		 | 1.04
 903		 | 0.0000836396		 | 1.01
 904		 | 0.0000838335		 | 1.00
 905		 | 0.0000823539		 | 1.02
 906		 | 0.0000819855		 | 1.00
 907		 | 0.0000817232		 | 1.00
 908		 | 0.0000827821		 | 0.99
 909		 | 0.0000782330		 | 1.06
 910		 | 0.0000777620		 | 1.01
 911		 | 0.0000766136		 | 1.01
 912		 | 0.0000763438		 | 1.00
 913		 | 0.0000730708		 | 1.04
 914		 | 0.0000739791		 | 0.99
 915		 | 0.0000762916		 | 0.97
 916		 | 0.0000728318		 | 1.05
 917		 | 0.0000755478		 | 0.96
 918		 | 0.0000726488		 | 1.04
 919		 | 0.0000722527		 | 1.01
 920		 | 0.0000689989		 | 1.05
 921		 | 0.0000701990		 | 0.98
 922		 | 0.0000692030		 | 1.01
 923		 | 0.0000675441		 | 1.02
 924		 | 0.0000676943		 | 1.00
 925		 | 0.0000656893		 | 1.03
 926		 | 0.0000656299		 | 1.00
 927		 | 0.0000642192		 | 1.02
 928		 | 0.0000598066		 | 1.07
 929		 | 0.0000646431		 | 0.93
 930		 | 0.0000606320		 | 1.07
 931		 | 0.0000627057		 | 0.97
 932		 | 0.0000605085		 | 1.04
 933		 | 0.0000602582		 | 1.00
 934		 | 0.0000612887		 | 0.98
 935		 | 0.0000603781		 | 1.02
 936		 | 0.0000576761		 | 1.05
 937		 | 0.0000556925		 | 1.04
 938		 | 0.0000537103		 | 1.04
 939		 | 0.0000556920		 | 0.96
 940		 | 0.0000540089		 | 1.03
 941		 | 0.0000534956		 | 1.01
 942		 | 0.0000565392		 | 0.95
 943		 | 0.0000559885		 | 1.01
 944		 | 0.0000522730		 | 1.07
 945		 | 0.0000475530		 | 1.10
 946		 | 0.0000499486		 | 0.95
 947		 | 0.0000480946		 | 1.04
 948		 | 0.0000503934		 | 0.95
 949		 | 0.0000492386		 | 1.02
 950		 | 0.0000475935		 | 1.03
 951		 | 0.0000470094		 | 1.01
 952		 | 0.0000464192		 | 1.01
 953		 | 0.0000447559		 | 1.04
 954		 | 0.0000467728		 | 0.96
 955		 | 0.0000443581		 | 1.05
 956		 | 0.0000423424		 | 1.05
 957		 | 0.0000434169		 | 0.98
 958		 | 0.0000308857		 | 1.41
 959		 | 0.0000384351		 | 0.80
 960		 | 0.0000400497		 | 0.96
 961		 | 0.0000388857		 | 1.03
 962		 | 0.0000390045		 | 1.00
 963		 | 0.0000399527		 | 0.98
 964		 | 0.0000390284		 | 1.02
 965		 | 0.0000384879		 | 1.01
 966		 | 0.0000381636		 | 1.01
 967		 | 0.0000370399		 | 1.03
 968		 | 0.0000352968		 | 1.05
 969		 | 0.0000360471		 | 0.98
 970		 | 0.0000347151		 | 1.04
 971		 | 0.0000360176		 | 0.96
 972		 | 0.0000325636		 | 1.11
 973		 | 0.0000325016		 | 1.00
 974		 | 0.0000328413		 | 0.99
 975		 | 0.0000338966		 | 0.97
 976		 | 0.0000327005		 | 1.04
 977		 | 0.0000301337		 | 1.09
 978		 | 0.0000313271		 | 0.96
 979		 | 0.0000295094		 | 1.06
 980		 | 0.0000288672		 | 1.02
 981		 | 0.0000277128		 | 1.04
 982		 | 0.0000285179		 | 0.97
 983		 | 0.0000266742		 | 1.07
 984		 | 0.0000269686		 | 0.99
 985		 | 0.0000276534		 | 0.98
 986		 | 0.0000262264		 | 1.05
 987		 | 0.0000240078		 | 1.09
 988		 | 0.0000246192		 | 0.98
 989		 | 0.0000227726		 | 1.08
 990		 | 0.0000232124		 | 0.98
 991		 | 0.0000227419		 | 1.02
 992		 | 0.0000235653		 | 0.97
 993		 | 0.0000239172		 | 0.99
 994		 | 0.0000218834		 | 1.09
 995		 | 0.0000214172		 | 1.02
 996		 | 0.0000209572		 | 1.02
 997		 | 0.0000206028		 | 1.02
 998		 | 0.0000200203		 | 1.03
 999		 | 0.0000174041		 | 1.15
1000		 | 0.0000189901		 | 0.92