Resize Kernel: Bicubic b 0.33 c 0.33
Native resolution(s) (best guess): 844p
Please check the graph manually for more accurate results

Raw data:
Resolution	 | Relative Error	 | Relative difference from last
 500		 | 0.0021990467		 | 0.00
 501		 | 0.0021551396		 | 1.02
 502		 | 0.0021742367		 | 0.99
 503		 | 0.0021971807		 | 0.99
 504		 | 0.0021423421		 | 1.03
 505		 | 0.0021236497		 | 1.01
 506		 | 0.0021198031		 | 1.00
 507		 | 0.0021018860		 | 1.01
 508		 | 0.0021186764		 | 0.99
 509		 | 0.0020997500		 | 1.01
 510		 | 0.0020686054		 | 1.02
 511		 | 0.0020653469		 | 1.00
 512		 | 0.0020596804		 | 1.00
 513		 | 0.0020523634		 | 1.00
 514		 | 0.0020275795		 | 1.01
 515		 | 0.0020054015		 | 1.01
 516		 | 0.0019936234		 | 1.01
 517		 | 0.0019996443		 | 1.00
 518		 | 0.0020055215		 | 1.00
 519		 | 0.0019737603		 | 1.02
 520		 | 0.0019633127		 | 1.01
 521		 | 0.0019533030		 | 1.01
 522		 | 0.0019322872		 | 1.01
 523		 | 0.0019301169		 | 1.00
 524		 | 0.0019250091		 | 1.00
 525		 | 0.0019020187		 | 1.01
 526		 | 0.0019007810		 | 1.00
 527		 | 0.0019087876		 | 1.00
 528		 | 0.0018570080		 | 1.03
 529		 | 0.0018673467		 | 0.99
 530		 | 0.0018676994		 | 1.00
 531		 | 0.0018530922		 | 1.01
 532		 | 0.0018123284		 | 1.02
 533		 | 0.0018213454		 | 1.00
 534		 | 0.0018320682		 | 0.99
 535		 | 0.0018176356		 | 1.01
 536		 | 0.0017833567		 | 1.02
 537		 | 0.0017905979		 | 1.00
 538		 | 0.0017763060		 | 1.01
 539		 | 0.0017531075		 | 1.01
 540		 | 0.0017786101		 | 0.99
 541		 | 0.0017658799		 | 1.01
 542		 | 0.0017197550		 | 1.03
 543		 | 0.0017018030		 | 1.01
 544		 | 0.0017623185		 | 0.97
 545		 | 0.0017041816		 | 1.03
 546		 | 0.0016925623		 | 1.01
 547		 | 0.0017091223		 | 0.99
 548		 | 0.0016842956		 | 1.01
 549		 | 0.0016603011		 | 1.01
 550		 | 0.0016572598		 | 1.00
 551		 | 0.0016798319		 | 0.99
 552		 | 0.0016696951		 | 1.01
 553		 | 0.0016262337		 | 1.03
 554		 | 0.0016164128		 | 1.01
 555		 | 0.0016380315		 | 0.99
 556		 | 0.0016026957		 | 1.02
 557		 | 0.0016072815		 | 1.00
 558		 | 0.0015987151		 | 1.01
 559		 | 0.0015615836		 | 1.02
 560		 | 0.0015772947		 | 0.99
 561		 | 0.0015971996		 | 0.99
 562		 | 0.0015576018		 | 1.03
 563		 | 0.0015405429		 | 1.01
 564		 | 0.0015602906		 | 0.99
 565		 | 0.0015358067		 | 1.02
 566		 | 0.0015420303		 | 1.00
 567		 | 0.0015214658		 | 1.01
 568		 | 0.0015164735		 | 1.00
 569		 | 0.0014885636		 | 1.02
 570		 | 0.0014928540		 | 1.00
 571		 | 0.0015013588		 | 0.99
 572		 | 0.0014865029		 | 1.01
 573		 | 0.0014621072		 | 1.02
 574		 | 0.0014752531		 | 0.99
 575		 | 0.0014627452		 | 1.01
 576		 | 0.0014385052		 | 1.02
 577		 | 0.0014313076		 | 1.01
 578		 | 0.0014465961		 | 0.99
 579		 | 0.0014205680		 | 1.02
 580		 | 0.0013997052		 | 1.01
 581		 | 0.0014220788		 | 0.98
 582		 | 0.0014079561		 | 1.01
 583		 | 0.0013841777		 | 1.02
 584		 | 0.0013975969		 | 0.99
 585		 | 0.0013672117		 | 1.02
 586		 | 0.0013670833		 | 1.00
 587		 | 0.0013711747		 | 1.00
 588		 | 0.0013756094		 | 1.00
 589		 | 0.0013469353		 | 1.02
 590		 | 0.0013419652		 | 1.00
 591		 | 0.0013501383		 | 0.99
 592		 | 0.0013442546		 | 1.00
 593		 | 0.0013145565		 | 1.02
 594		 | 0.0013052174		 | 1.01
 595		 | 0.0013290553		 | 0.98
 596		 | 0.0012855438		 | 1.03
 597		 | 0.0012980315		 | 0.99
 598		 | 0.0012939341		 | 1.00
 599		 | 0.0012906209		 | 1.00
 600		 | 0.0012806576		 | 1.01
 601		 | 0.0012436478		 | 1.03
 602		 | 0.0012683429		 | 0.98
 603		 | 0.0012673021		 | 1.00
 604		 | 0.0012390555		 | 1.02
 605		 | 0.0012335891		 | 1.00
 606		 | 0.0012318249		 | 1.00
 607		 | 0.0012355875		 | 1.00
 608		 | 0.0012106962		 | 1.02
 609		 | 0.0012154875		 | 1.00
 610		 | 0.0011866888		 | 1.02
 611		 | 0.0012077931		 | 0.98
 612		 | 0.0011997456		 | 1.01
 613		 | 0.0011878447		 | 1.01
 614		 | 0.0011700090		 | 1.02
 615		 | 0.0011761911		 | 0.99
 616		 | 0.0011834862		 | 0.99
 617		 | 0.0011645942		 | 1.02
 618		 | 0.0011506294		 | 1.01
 619		 | 0.0011603170		 | 0.99
 620		 | 0.0011357135		 | 1.02
 621		 | 0.0011425466		 | 0.99
 622		 | 0.0011307966		 | 1.01
 623		 | 0.0011318699		 | 1.00
 624		 | 0.0011219022		 | 1.01
 625		 | 0.0011079876		 | 1.01
 626		 | 0.0011194801		 | 0.99
 627		 | 0.0010961476		 | 1.02
 628		 | 0.0010996285		 | 1.00
 629		 | 0.0010975154		 | 1.00
 630		 | 0.0010776408		 | 1.02
 631		 | 0.0010763919		 | 1.00
 632		 | 0.0010792059		 | 1.00
 633		 | 0.0010708533		 | 1.01
 634		 | 0.0010615811		 | 1.01
 635		 | 0.0010582331		 | 1.00
 636		 | 0.0010590199		 | 1.00
 637		 | 0.0010511133		 | 1.01
 638		 | 0.0010299481		 | 1.02
 639		 | 0.0010484009		 | 0.98
 640		 | 0.0010491501		 | 1.00
 641		 | 0.0010170863		 | 1.03
 642		 | 0.0010314520		 | 0.99
 643		 | 0.0010243459		 | 1.01
 644		 | 0.0010025265		 | 1.02
 645		 | 0.0010202886		 | 0.98
 646		 | 0.0009979839		 | 1.02
 647		 | 0.0009792361		 | 1.02
 648		 | 0.0009983300		 | 0.98
 649		 | 0.0009821435		 | 1.02
 650		 | 0.0009912828		 | 0.99
 651		 | 0.0009690054		 | 1.02
 652		 | 0.0009693459		 | 1.00
 653		 | 0.0009695555		 | 1.00
 654		 | 0.0009556848		 | 1.01
 655		 | 0.0009603489		 | 1.00
 656		 | 0.0009571972		 | 1.00
 657		 | 0.0009447587		 | 1.01
 658		 | 0.0009246422		 | 1.02
 659		 | 0.0009494544		 | 0.97
 660		 | 0.0009330672		 | 1.02
 661		 | 0.0009173189		 | 1.02
 662		 | 0.0009235978		 | 0.99
 663		 | 0.0009251874		 | 1.00
 664		 | 0.0009140006		 | 1.01
 665		 | 0.0009070939		 | 1.01
 666		 | 0.0009261187		 | 0.98
 667		 | 0.0008844823		 | 1.05
 668		 | 0.0008865332		 | 1.00
 669		 | 0.0008968250		 | 0.99
 670		 | 0.0009078440		 | 0.99
 671		 | 0.0008792489		 | 1.03
 672		 | 0.0008594216		 | 1.02
 673		 | 0.0008895017		 | 0.97
 674		 | 0.0008645739		 | 1.03
 675		 | 0.0008599172		 | 1.01
 676		 | 0.0008653048		 | 0.99
 677		 | 0.0008444147		 | 1.02
 678		 | 0.0008468712		 | 1.00
 679		 | 0.0008717944		 | 0.97
 680		 | 0.0008484205		 | 1.03
 681		 | 0.0008279079		 | 1.02
 682		 | 0.0008376937		 | 0.99
 683		 | 0.0008440006		 | 0.99
 684		 | 0.0008181432		 | 1.03
 685		 | 0.0008216476		 | 1.00
 686		 | 0.0008408882		 | 0.98
 687		 | 0.0008271821		 | 1.02
 688		 | 0.0007983664		 | 1.04
 689		 | 0.0008164053		 | 0.98
 690		 | 0.0008191680		 | 1.00
 691		 | 0.0007898007		 | 1.04
 692		 | 0.0007929733		 | 1.00
 693		 | 0.0007901116		 | 1.00
 694		 | 0.0008009328		 | 0.99
 695		 | 0.0007791035		 | 1.03
 696		 | 0.0007675229		 | 1.02
 697		 | 0.0007863037		 | 0.98
 698		 | 0.0007724702		 | 1.02
 699		 | 0.0007694455		 | 1.00
 700		 | 0.0007645062		 | 1.01
 701		 | 0.0007656580		 | 1.00
 702		 | 0.0007597175		 | 1.01
 703		 | 0.0007707105		 | 0.99
 704		 | 0.0007362929		 | 1.05
 705		 | 0.0007466477		 | 0.99
 706		 | 0.0007573965		 | 0.99
 707		 | 0.0007457561		 | 1.02
 708		 | 0.0007601823		 | 0.98
 709		 | 0.0007384728		 | 1.03
 710		 | 0.0007388242		 | 1.00
 711		 | 0.0007558007		 | 0.98
 712		 | 0.0007139956		 | 1.06
 713		 | 0.0007213066		 | 0.99
 714		 | 0.0007335625		 | 0.98
 715		 | 0.0007249324		 | 1.01
 716		 | 0.0007209954		 | 1.01
 717		 | 0.0007203067		 | 1.00
 718		 | 0.0007240747		 | 0.99
 719		 | 0.0006935083		 | 1.04
 720		 | 0.0007199442		 | 0.96
 721		 | 0.0006951267		 | 1.04
 722		 | 0.0006915844		 | 1.01
 723		 | 0.0007003894		 | 0.99
 724		 | 0.0006905930		 | 1.01
 725		 | 0.0006906647		 | 1.00
 726		 | 0.0006663469		 | 1.04
 727		 | 0.0006977688		 | 0.95
 728		 | 0.0006900777		 | 1.01
 729		 | 0.0006358845		 | 1.09
 730		 | 0.0006941059		 | 0.92
 731		 | 0.0006908197		 | 1.00
 732		 | 0.0006642949		 | 1.04
 733		 | 0.0006593521		 | 1.01
 734		 | 0.0006711635		 | 0.98
 735		 | 0.0006597546		 | 1.02
 736		 | 0.0006522740		 | 1.01
 737		 | 0.0006695979		 | 0.97
 738		 | 0.0006647667		 | 1.01
 739		 | 0.0006453214		 | 1.03
 740		 | 0.0006396147		 | 1.01
 741		 | 0.0006323268		 | 1.01
 742		 | 0.0006505184		 | 0.97
 743		 | 0.0006410935		 | 1.01
 744		 | 0.0006262310		 | 1.02
 745		 | 0.0006287205		 | 1.00
 746		 | 0.0006139455		 | 1.02
 747		 | 0.0006547276		 | 0.94
 748		 | 0.0006283425		 | 1.04
 749		 | 0.0005936380		 | 1.06
 750		 | 0.0006170587		 | 0.96
 751		 | 0.0006245706		 | 0.99
 752		 | 0.0006062983		 | 1.03
 753		 | 0.0005986241		 | 1.01
 754		 | 0.0006117626		 | 0.98
 755		 | 0.0006034450		 | 1.01
 756		 | 0.0005935150		 | 1.02
 757		 | 0.0005940950		 | 1.00
 758		 | 0.0006097786		 | 0.97
 759		 | 0.0005880955		 | 1.04
 760		 | 0.0005777598		 | 1.02
 761		 | 0.0006057407		 | 0.95
 762		 | 0.0005718312		 | 1.06
 763		 | 0.0005853794		 | 0.98
 764		 | 0.0005848728		 | 1.00
 765		 | 0.0005804846		 | 1.01
 766		 | 0.0005524610		 | 1.05
 767		 | 0.0005736993		 | 0.96
 768		 | 0.0005686968		 | 1.01
 769		 | 0.0005752178		 | 0.99
 770		 | 0.0005507018		 | 1.04
 771		 | 0.0005667260		 | 0.97
 772		 | 0.0005554743		 | 1.02
 773		 | 0.0005470711		 | 1.02
 774		 | 0.0005603548		 | 0.98
 775		 | 0.0005575302		 | 1.01
 776		 | 0.0005356910		 | 1.04
 777		 | 0.0005412848		 | 0.99
 778		 | 0.0005482052		 | 0.99
 779		 | 0.0005454038		 | 1.01
 780		 | 0.0005385316		 | 1.01
 781		 | 0.0005275965		 | 1.02
 782		 | 0.0005235644		 | 1.01
 783		 | 0.0005315933		 | 0.98
 784		 | 0.0005490499		 | 0.97
 785		 | 0.0005335647		 | 1.03
 786		 | 0.0005182319		 | 1.03
 787		 | 0.0005133062		 | 1.01
 788		 | 0.0005345470		 | 0.96
 789		 | 0.0005181284		 | 1.03
 790		 | 0.0005079275		 | 1.02
 791		 | 0.0005134877		 | 0.99
 792		 | 0.0004894165		 | 1.05
 793		 | 0.0005102925		 | 0.96
 794		 | 0.0005176432		 | 0.99
 795		 | 0.0005075527		 | 1.02
 796		 | 0.0004825135		 | 1.05
 797		 | 0.0004917609		 | 0.98
 798		 | 0.0005023052		 | 0.98
 799		 | 0.0004879933		 | 1.03
 800		 | 0.0004934567		 | 0.99
 801		 | 0.0004952883		 | 1.00
 802		 | 0.0004867578		 | 1.02
 803		 | 0.0004548392		 | 1.07
 804		 | 0.0004814989		 | 0.94
 805		 | 0.0004988024		 | 0.97
 806		 | 0.0004625337		 | 1.08
 807		 | 0.0004588293		 | 1.01
 808		 | 0.0004744480		 | 0.97
 809		 | 0.0004795337		 | 0.99
 810		 | 0.0004751669		 | 1.01
 811		 | 0.0004534873		 | 1.05
 812		 | 0.0004554476		 | 1.00
 813		 | 0.0004575616		 | 1.00
 814		 | 0.0004560385		 | 1.00
 815		 | 0.0004458011		 | 1.02
 816		 | 0.0004564595		 | 0.98
 817		 | 0.0004576359		 | 1.00
 818		 | 0.0004383726		 | 1.04
 819		 | 0.0004480912		 | 0.98
 820		 | 0.0004347539		 | 1.03
 821		 | 0.0004345785		 | 1.00
 822		 | 0.0004425113		 | 0.98
 823		 | 0.0004349697		 | 1.02
 824		 | 0.0004206362		 | 1.03
 825		 | 0.0004297093		 | 0.98
 826		 | 0.0004730654		 | 0.91
 827		 | 0.0004107200		 | 1.15
 828		 | 0.0004080031		 | 1.01
 829		 | 0.0004401843		 | 0.93
 830		 | 0.0004064420		 | 1.08
 831		 | 0.0004265117		 | 0.95
 832		 | 0.0004275015		 | 1.00
 833		 | 0.0004163937		 | 1.03
 834		 | 0.0003928354		 | 1.06
 835		 | 0.0004081918		 | 0.96
 836		 | 0.0004085068		 | 1.00
 837		 | 0.0003947916		 | 1.03
 838		 | 0.0003981627		 | 0.99
 839		 | 0.0004186170		 | 0.95
 840		 | 0.0004195481		 | 1.00
 841		 | 0.0003225701		 | 1.30
 842		 | 0.0004295890		 | 0.75
 843		 | 0.0005486738		 | 0.78
 844		 | 0.0000165433		 | 33.17
 845		 | 0.0005555791		 | 0.03
 846		 | 0.0004183445		 | 1.33
 847		 | 0.0003068740		 | 1.36
 848		 | 0.0004048688		 | 0.76
 849		 | 0.0003871536		 | 1.05
 850		 | 0.0003719928		 | 1.04
 851		 | 0.0003752129		 | 0.99
 852		 | 0.0003783254		 | 0.99
 853		 | 0.0003669998		 | 1.03
 854		 | 0.0003447897		 | 1.06
 855		 | 0.0003716064		 | 0.93
 856		 | 0.0003802208		 | 0.98
 857		 | 0.0003704834		 | 1.03
 858		 | 0.0003393871		 | 1.09
 859		 | 0.0003752555		 | 0.90
 860		 | 0.0003399507		 | 1.10
 861		 | 0.0003408313		 | 1.00
 862		 | 0.0003995728		 | 0.85
 863		 | 0.0003432932		 | 1.16
 864		 | 0.0003190229		 | 1.08
 865		 | 0.0003539967		 | 0.90
 866		 | 0.0003479096		 | 1.02
 867		 | 0.0003438556		 | 1.01
 868		 | 0.0003375147		 | 1.02
 869		 | 0.0003445056		 | 0.98
 870		 | 0.0003226173		 | 1.07
 871		 | 0.0003429364		 | 0.94
 872		 | 0.0003445431		 | 1.00
 873		 | 0.0003158833		 | 1.09
 874		 | 0.0003137847		 | 1.01
 875		 | 0.0003249160		 | 0.97
 876		 | 0.0003297210		 | 0.99
 877		 | 0.0003165466		 | 1.04
 878		 | 0.0003324549		 | 0.95
 879		 | 0.0003269781		 | 1.02
 880		 | 0.0003049580		 | 1.07
 881		 | 0.0003115359		 | 0.98
 882		 | 0.0003143356		 | 0.99
 883		 | 0.0003157118		 | 1.00
 884		 | 0.0003112657		 | 1.01
 885		 | 0.0002890518		 | 1.08
 886		 | 0.0003080318		 | 0.94
 887		 | 0.0003082669		 | 1.00
 888		 | 0.0002967447		 | 1.04
 889		 | 0.0003010567		 | 0.99
 890		 | 0.0002960985		 | 1.02
 891		 | 0.0002868899		 | 1.03
 892		 | 0.0002994569		 | 0.96
 893		 | 0.0003003696		 | 1.00
 894		 | 0.0002878223		 | 1.04
 895		 | 0.0002814402		 | 1.02
 896		 | 0.0002819558		 | 1.00
 897		 | 0.0002743704		 | 1.03
 898		 | 0.0002783184		 | 0.99
 899		 | 0.0002866170		 | 0.97
 900		 | 0.0002867982		 | 1.00
 901		 | 0.0002575535		 | 1.11
 902		 | 0.0002764900		 | 0.93
 903		 | 0.0002897232		 | 0.95
 904		 | 0.0002725676		 | 1.06
 905		 | 0.0002570991		 | 1.06
 906		 | 0.0002778118		 | 0.93
 907		 | 0.0002573545		 | 1.08
 908		 | 0.0002522630		 | 1.02
 909		 | 0.0002736570		 | 0.92
 910		 | 0.0002578216		 | 1.06
 911		 | 0.0002439752		 | 1.06
 912		 | 0.0002455686		 | 0.99
 913		 | 0.0002477339		 | 0.99
 914		 | 0.0002518646		 | 0.98
 915		 | 0.0002551031		 | 0.99
 916		 | 0.0002453186		 | 1.04
 917		 | 0.0002387620		 | 1.03
 918		 | 0.0002371415		 | 1.01
 919		 | 0.0002473927		 | 0.96
 920		 | 0.0002383396		 | 1.04
 921		 | 0.0002266519		 | 1.05
 922		 | 0.0002253815		 | 1.01
 923		 | 0.0002407147		 | 0.94
 924		 | 0.0002333705		 | 1.03
 925		 | 0.0002357227		 | 0.99
 926		 | 0.0002237423		 | 1.05
 927		 | 0.0002197836		 | 1.02
 928		 | 0.0002217132		 | 0.99
 929		 | 0.0002151509		 | 1.03
 930		 | 0.0002331589		 | 0.92
 931		 | 0.0002216984		 | 1.05
 932		 | 0.0001980621		 | 1.12
 933		 | 0.0002256782		 | 0.88
 934		 | 0.0002060669		 | 1.10
 935		 | 0.0002125307		 | 0.97
 936		 | 0.0002110295		 | 1.01
 937		 | 0.0001996333		 | 1.06
 938		 | 0.0002076314		 | 0.96
 939		 | 0.0002043731		 | 1.02
 940		 | 0.0002067609		 | 0.99
 941		 | 0.0002010959		 | 1.03
 942		 | 0.0001950467		 | 1.03
 943		 | 0.0002014755		 | 0.97
 944		 | 0.0002027520		 | 0.99
 945		 | 0.0001846144		 | 1.10
 946		 | 0.0001998355		 | 0.92
 947		 | 0.0002031596		 | 0.98
 948		 | 0.0001872510		 | 1.08
 949		 | 0.0001839846		 | 1.02
 950		 | 0.0001886347		 | 0.98
 951		 | 0.0001906527		 | 0.99
 952		 | 0.0001767827		 | 1.08
 953		 | 0.0001690206		 | 1.05
 954		 | 0.0001938807		 | 0.87
 955		 | 0.0001672491		 | 1.16
 956		 | 0.0001728721		 | 0.97
 957		 | 0.0001788629		 | 0.97
 958		 | 0.0001684187		 | 1.06
 959		 | 0.0001640513		 | 1.03
 960		 | 0.0001642913		 | 1.00
 961		 | 0.0001577948		 | 1.04
 962		 | 0.0002492340		 | 0.63
 963		 | 0.0001501050		 | 1.66
 964		 | 0.0001613569		 | 0.93
 965		 | 0.0001419938		 | 1.14
 966		 | 0.0001557796		 | 0.91
 967		 | 0.0001690690		 | 0.92
 968		 | 0.0001454629		 | 1.16
 969		 | 0.0001500821		 | 0.97
 970		 | 0.0001656813		 | 0.91
 971		 | 0.0001328947		 | 1.25
 972		 | 0.0001466366		 | 0.91
 973		 | 0.0001514714		 | 0.97
 974		 | 0.0001484381		 | 1.02
 975		 | 0.0001424278		 | 1.04
 976		 | 0.0001372360		 | 1.04
 977		 | 0.0001491763		 | 0.92
 978		 | 0.0001493875		 | 1.00
 979		 | 0.0001256760		 | 1.19
 980		 | 0.0001363196		 | 0.92
 981		 | 0.0001343629		 | 1.01
 982		 | 0.0001197373		 | 1.12
 983		 | 0.0001304336		 | 0.92
 984		 | 0.0001253275		 | 1.04
 985		 | 0.0001259709		 | 0.99
 986		 | 0.0001202798		 | 1.05
 987		 | 0.0001207190		 | 1.00
 988		 | 0.0001201908		 | 1.00
 989		 | 0.0001130232		 | 1.06
 990		 | 0.0001136538		 | 0.99
 991		 | 0.0001182529		 | 0.96
 992		 | 0.0001053493		 | 1.12
 993		 | 0.0001100116		 | 0.96
 994		 | 0.0001133695		 | 0.97
 995		 | 0.0001038203		 | 1.09
 996		 | 0.0001047404		 | 0.99
 997		 | 0.0001045945		 | 1.00
 998		 | 0.0000998298		 | 1.05
 999		 | 0.0001048769		 | 0.95
1000		 | 0.0001042448		 | 1.01